0, 97, 54, 10
1, 479, 59, 2
2, 1, 91, 8
3, 1178, 8, 6
4, 1032, 71, 1
5, 1251, 30, 3
6, 105, 22, 3
7, 258, 99, 1
8, 1758, 67, 10
9, 1689, 11, 1
10, 48, 33, 2
11, 66, 51, 10
12, 407, 79, 1
13, 1955, 41, 8
14, 1263, 7, 8
15, 1874, 39, 10
16, 1414, 32, 3
17, 598, 55, 3
18, 582, 82, 5
19, 930, 57, 8
20, 671, 16, 10
21, 1865, 19, 2
22, 1731, 47, 2
23, 220, 78, 4
24, 495, 38, 4
25, 270, 79, 6
26, 1286, 87, 4
27, 983, 68, 6
28, 970, 73, 4
29, 1338, 78, 5
30, 1261, 83, 8
31, 768, 82, 9
32, 1532, 12, 10
33, 1484, 61, 4
34, 68, 78, 7
35, 1726, 6, 1
36, 468, 50, 3
37, 1407, 6, 2
38, 340, 98, 7
39, 661, 42, 3
40, 553, 60, 6
41, 931, 35, 5
42, 1499, 83, 9
43, 572, 28, 1
44, 1676, 30, 2
45, 1274, 76, 6
46, 1833, 92, 7
47, 37, 65, 4
48, 73, 6, 4
49, 427, 39, 10
50, 252, 94, 6
51, 81, 42, 6
52, 1656, 62, 6
53, 1656, 72, 4
54, 555, 59, 4
55, 1586, 64, 10
56, 244, 14, 8
57, 1404, 40, 8
58, 231, 16, 9
59, 292, 36, 5
60, 185, 57, 8
61, 33, 12, 6
62, 1270, 34, 9
63, 245, 8, 4
64, 236, 49, 7
65, 1312, 7, 3
66, 1680, 99, 3
67, 1080, 47, 4
68, 755, 4, 10
69, 1232, 14, 6
70, 1732, 10, 9
71, 1439, 72, 7
72, 628, 10, 2
73, 1733, 72, 5
74, 1754, 95, 3
75, 756, 97, 8
76, 1494, 25, 8
77, 101, 21, 9
78, 851, 73, 4
79, 253, 56, 6
80, 1949, 17, 3
81, 1017, 80, 6
82, 1972, 68, 4
83, 504, 98, 1
84, 1277, 46, 9
85, 1490, 52, 3
86, 885, 63, 6
87, 1855, 45, 3
88, 528, 18, 10
89, 732, 49, 7
90, 1444, 83, 1
91, 199, 41, 10
92, 1294, 46, 5
93, 1611, 52, 5
94, 1804, 58, 8
95, 1440, 11, 1
96, 773, 30, 4
97, 560, 45, 2
98, 939, 2, 8
99, 1778, 39, 10
100, 0, 56, 4
101, 732, 78, 3
102, 405, 31, 3
103, 1720, 86, 5
104, 421, 10, 9
105, 1188, 85, 6
106, 1839, 45, 10
107, 266, 79, 10
108, 1285, 30, 7
109, 1550, 79, 8
110, 600, 93, 10
111, 1192, 61, 6
112, 272, 79, 3
113, 1316, 3, 9
114, 653, 59, 8
115, 481, 21, 3
116, 71, 35, 7
117, 121, 49, 1
118, 1710, 22, 7
119, 620, 57, 2
120, 1708, 38, 8
121, 66, 4, 6
122, 513, 84, 8
123, 206, 23, 3
124, 1125, 76, 1
125, 488, 12, 6
126, 1239, 33, 6
127, 1572, 63, 3
128, 485, 39, 1
129, 1392, 38, 7
130, 1406, 6, 1
131, 695, 2, 1
132, 1190, 64, 5
133, 672, 2, 7
134, 81, 1, 9
135, 1427, 59, 8
136, 1581, 91, 1
137, 1515, 54, 7
138, 992, 19, 4
139, 951, 39, 10
140, 964, 50, 5
141, 568, 17, 4
142, 1682, 0, 7
143, 1889, 2, 10
144, 586, 77, 5
145, 561, 31, 8
146, 1347, 89, 5
147, 167, 29, 10
148, 1463, 37, 10
149, 299, 93, 10
150, 1323, 29, 10
151, 1658, 84, 4
152, 944, 88, 6
153, 1387, 33, 6
154, 1938, 22, 2
155, 1997, 35, 8
156, 287, 41, 1
157, 995, 11, 1
158, 1434, 11, 8
159, 684, 70, 2
160, 1719, 46, 1
161, 419, 31, 4
162, 496, 66, 10
163, 1807, 28, 7
164, 1254, 39, 6
165, 1428, 70, 10
166, 1306, 36, 2
167, 1615, 27, 3
168, 318, 17, 1
169, 1823, 48, 8
170, 1227, 34, 3
171, 1628, 67, 9
172, 1155, 18, 1
173, 623, 89, 5
174, 466, 86, 10
175, 1851, 48, 10
176, 878, 52, 8
177, 84, 21, 7
178, 958, 33, 3
179, 1761, 1, 10
180, 1047, 16, 9
181, 907, 31, 5
182, 1451, 26, 2
183, 1311, 85, 5
184, 761, 79, 10
185, 1034, 69, 4
186, 483, 24, 5
187, 261, 50, 10
188, 1128, 84, 5
189, 1562, 37, 8
190, 590, 37, 10
191, 1228, 55, 4
192, 1889, 8, 7
193, 1630, 43, 4
194, 1535, 66, 8
195, 1358, 86, 10
196, 1782, 46, 9
197, 1768, 6, 4
198, 1203, 96, 8
199, 1568, 68, 2
200, 1657, 60, 4
201, 619, 59, 6
202, 394, 89, 4
203, 1745, 42, 1
204, 1354, 94, 1
205, 1837, 22, 3
206, 332, 3, 10
207, 152, 20, 8
208, 1063, 19, 1
209, 640, 32, 2
210, 268, 31, 1
211, 829, 0, 1
212, 1435, 69, 7
213, 1321, 22, 4
214, 409, 3, 4
215, 1293, 86, 7
216, 1654, 32, 7
217, 1684, 7, 9
218, 1055, 29, 6
219, 1176, 75, 5
220, 296, 57, 1
221, 396, 5, 5
222, 1590, 18, 5
223, 1688, 91, 10
224, 1373, 61, 8
225, 324, 82, 4
226, 1208, 12, 8
227, 577, 93, 2
228, 42, 96, 2
229, 960, 3, 3
230, 1831, 63, 8
231, 82, 85, 4
232, 595, 76, 9
233, 1612, 66, 9
234, 1477, 30, 1
235, 1150, 68, 4
236, 260, 8, 9
237, 647, 52, 2
238, 1686, 11, 5
239, 1249, 94, 10
240, 842, 56, 2
241, 1305, 89, 4
242, 1267, 87, 10
243, 107, 34, 5
244, 529, 71, 2
245, 144, 44, 2
246, 125, 63, 7
247, 1481, 10, 3
248, 1958, 85, 4
249, 493, 56, 6
250, 263, 35, 9
251, 1634, 81, 10
252, 1162, 13, 10
253, 1101, 77, 10
254, 837, 84, 4
255, 762, 81, 1
256, 1228, 89, 10
257, 522, 82, 5
258, 1033, 28, 5
259, 1013, 31, 3
260, 1880, 34, 3
261, 1883, 11, 9
262, 840, 40, 8
263, 1762, 27, 8
264, 196, 75, 3
265, 85, 74, 4
266, 1524, 10, 6
267, 418, 56, 1
268, 181, 24, 10
269, 1205, 90, 6
270, 525, 79, 6
271, 900, 68, 5
272, 285, 60, 9
273, 180, 20, 3
274, 934, 14, 4
275, 1790, 27, 10
276, 816, 0, 8
277, 230, 4, 1
278, 74, 29, 10
279, 1394, 15, 8
280, 1018, 56, 6
281, 1168, 80, 6
282, 1337, 91, 4
283, 1408, 46, 4
284, 1730, 78, 4
285, 325, 44, 9
286, 126, 31, 6
287, 771, 61, 1
288, 1632, 66, 10
289, 1220, 92, 8
290, 1947, 28, 7
291, 22, 43, 8
292, 1230, 18, 5
293, 1845, 55, 4
294, 780, 47, 3
295, 219, 38, 4
296, 1613, 91, 4
297, 1251, 54, 7
298, 54, 27, 7
299, 435, 52, 9
300, 388, 58, 2
301, 1576, 26, 5
302, 1519, 33, 3
303, 1229, 75, 3
304, 1901, 15, 9
305, 1061, 80, 8
306, 854, 81, 4
307, 674, 88, 6
308, 1752, 26, 2
309, 442, 57, 1
310, 1422, 18, 1
311, 972, 31, 9
312, 1290, 71, 5
313, 986, 82, 4
314, 1723, 58, 10
315, 1133, 92, 8
316, 26, 71, 3
317, 1136, 66, 6
318, 1038, 94, 8
319, 1477, 61, 2
320, 1009, 55, 5
321, 1156, 59, 1
322, 1177, 81, 5
323, 1222, 37, 3
324, 1422, 71, 8
325, 1917, 3, 6
326, 1991, 64, 10
327, 540, 10, 2
328, 748, 33, 6
329, 217, 19, 5
330, 1262, 55, 6
331, 953, 50, 6
332, 1541, 90, 7
333, 1116, 63, 1
334, 616, 72, 6
335, 489, 28, 9
336, 477, 44, 3
337, 1795, 73, 2
338, 1259, 21, 7
339, 1421, 59, 7
340, 1243, 24, 5
341, 1320, 97, 6
342, 736, 89, 5
343, 1741, 53, 4
344, 594, 50, 8
345, 1462, 58, 5
346, 713, 89, 1
347, 1425, 98, 3
348, 1382, 33, 1
349, 1824, 35, 1
350, 1250, 42, 9
351, 1088, 78, 9
352, 138, 1, 3
353, 433, 0, 4
354, 1868, 34, 1
355, 1933, 3, 6
356, 1254, 0, 8
357, 1442, 32, 2
358, 1466, 5, 5
359, 585, 90, 5
360, 988, 77, 6
361, 1729, 76, 9
362, 1312, 1, 6
363, 638, 27, 6
364, 133, 15, 2
365, 1773, 81, 8
366, 99, 5, 10
367, 197, 55, 6
368, 1638, 66, 10
369, 1143, 8, 2
370, 1920, 24, 5
371, 608, 48, 6
372, 986, 65, 9
373, 1604, 87, 7
374, 446, 59, 1
375, 606, 14, 3
376, 156, 45, 2
377, 1866, 40, 10
378, 541, 61, 10
379, 1488, 34, 10
380, 1912, 76, 9
381, 1655, 11, 10
382, 530, 43, 9
383, 1370, 26, 9
384, 866, 41, 7
385, 973, 14, 2
386, 1138, 83, 9
387, 1282, 6, 6
388, 1879, 45, 8
389, 1854, 11, 2
390, 1401, 50, 1
391, 1935, 35, 2
392, 144, 29, 7
393, 1160, 46, 10
394, 1999, 98, 3
395, 872, 71, 4
396, 1815, 88, 1
397, 1687, 36, 2
398, 146, 17, 10
399, 14, 54, 4
400, 985, 84, 7
401, 592, 77, 1
402, 1397, 62, 8
403, 1220, 94, 5
404, 1003, 80, 3
405, 834, 63, 8
406, 898, 0, 7
407, 200, 28, 3
408, 1474, 32, 9
409, 646, 47, 7
410, 875, 87, 3
411, 1391, 72, 4
412, 425, 48, 4
413, 1567, 86, 5
414, 1025, 7, 5
415, 1918, 87, 10
416, 1141, 59, 2
417, 812, 75, 2
418, 333, 33, 3
419, 950, 13, 9
420, 764, 83, 4
421, 203, 12, 5
422, 1239, 36, 9
423, 1238, 85, 9
424, 746, 57, 6
425, 536, 77, 1
426, 57, 65, 3
427, 1372, 29, 10
428, 974, 73, 4
429, 342, 16, 6
430, 223, 37, 4
431, 1076, 62, 9
432, 124, 79, 2
433, 783, 55, 6
434, 1518, 70, 8
435, 1605, 34, 4
436, 1908, 75, 8
437, 526, 21, 8
438, 372, 89, 2
439, 1499, 71, 2
440, 1039, 28, 6
441, 1706, 19, 1
442, 1245, 3, 5
443, 192, 15, 8
444, 1113, 58, 9
445, 238, 36, 8
446, 722, 9, 4
447, 1098, 43, 3
448, 1037, 24, 7
449, 355, 7, 9
450, 787, 9, 3
451, 591, 38, 5
452, 508, 67, 6
453, 1987, 65, 10
454, 1846, 94, 8
455, 1538, 51, 7
456, 1279, 89, 5
457, 496, 11, 9
458, 1932, 67, 8
459, 507, 31, 8
460, 1054, 54, 8
461, 1186, 69, 9
462, 1114, 89, 5
463, 113, 56, 10
464, 1543, 86, 7
465, 1351, 27, 4
466, 308, 63, 3
467, 593, 94, 2
468, 723, 33, 9
469, 1420, 22, 2
470, 978, 71, 4
471, 1876, 8, 1
472, 1240, 17, 8
473, 1683, 14, 10
474, 1562, 79, 3
475, 642, 71, 1
476, 861, 29, 2
477, 1308, 13, 8
478, 276, 84, 1
479, 201, 50, 7
480, 942, 92, 10
481, 870, 59, 1
482, 78, 68, 6
483, 888, 74, 5
484, 1725, 71, 9
485, 304, 17, 9
486, 298, 34, 7
487, 1111, 94, 3
488, 672, 72, 3
489, 197, 83, 1
490, 657, 26, 6
491, 58, 61, 3
492, 309, 71, 1
493, 208, 87, 7
494, 1870, 42, 10
495, 684, 5, 8
496, 1946, 52, 3
497, 1821, 28, 8
498, 1416, 4, 6
499, 375, 2, 6
500, 1036, 77, 4
501, 1616, 94, 2
502, 221, 15, 1
503, 1780, 4, 9
504, 1304, 63, 3
505, 157, 7, 5
506, 1103, 46, 3
507, 1578, 38, 1
508, 1812, 9, 3
509, 853, 53, 7
510, 584, 11, 5
511, 1582, 91, 6
512, 839, 67, 1
513, 248, 22, 7
514, 1391, 78, 2
515, 1749, 43, 6
516, 1118, 20, 1
517, 1924, 9, 1
518, 1280, 80, 10
519, 1531, 90, 1
520, 1271, 19, 1
521, 1587, 87, 4
522, 1488, 86, 4
523, 112, 75, 10
524, 242, 11, 9
525, 518, 14, 5
526, 613, 18, 4
527, 1692, 49, 3
528, 1563, 83, 2
529, 1252, 14, 1
530, 710, 31, 5
531, 1077, 87, 4
532, 1151, 88, 3
533, 398, 22, 9
534, 900, 11, 6
535, 237, 32, 8
536, 1631, 97, 6
537, 92, 15, 6
538, 1857, 24, 6
539, 737, 40, 7
540, 444, 78, 6
541, 122, 76, 6
542, 1029, 81, 4
543, 1087, 66, 2
544, 1745, 40, 1
545, 1341, 89, 4
546, 1298, 13, 4
547, 770, 99, 8
548, 751, 82, 4
549, 117, 78, 7
550, 223, 27, 8
551, 702, 32, 7
552, 1134, 69, 1
553, 1189, 75, 9
554, 390, 17, 8
555, 1961, 27, 5
556, 762, 82, 5
557, 1940, 42, 7
558, 466, 34, 4
559, 1150, 74, 6
560, 838, 98, 10
561, 1462, 1, 6
562, 1983, 95, 2
563, 357, 16, 2
564, 1302, 15, 8
565, 914, 20, 4
566, 1426, 84, 10
567, 434, 82, 7
568, 1370, 29, 8
569, 1010, 75, 8
570, 712, 44, 1
571, 1631, 79, 4
572, 1675, 83, 10
573, 1685, 62, 2
574, 409, 37, 5
575, 1871, 58, 8
576, 1014, 72, 2
577, 571, 48, 3
578, 1142, 84, 1
579, 218, 76, 1
580, 1542, 13, 9
581, 1333, 2, 1
582, 911, 72, 8
583, 1569, 89, 4
584, 1553, 19, 8
585, 1215, 48, 3
586, 1906, 69, 8
587, 1373, 6, 2
588, 119, 21, 7
589, 417, 95, 1
590, 1848, 48, 5
591, 574, 33, 10
592, 36, 41, 3
593, 1559, 45, 8
594, 492, 40, 9
595, 1642, 53, 6
596, 1808, 72, 2
597, 1905, 48, 7
598, 58, 26, 1
599, 1660, 52, 10
600, 968, 57, 1
601, 1274, 41, 3
602, 1270, 42, 10
603, 161, 29, 9
604, 1571, 28, 8
605, 1199, 55, 1
606, 897, 51, 5
607, 1783, 40, 5
608, 265, 84, 8
609, 1959, 33, 6
610, 344, 33, 10
611, 1586, 52, 4
612, 789, 58, 8
613, 1723, 51, 5
614, 424, 13, 9
615, 111, 49, 7
616, 1002, 78, 7
617, 903, 34, 3
618, 1021, 31, 10
619, 1257, 29, 2
620, 1770, 23, 9
621, 906, 87, 5
622, 1114, 38, 10
623, 404, 80, 1
624, 1570, 95, 6
625, 971, 92, 10
626, 320, 60, 10
627, 997, 96, 5
628, 1779, 16, 9
629, 488, 87, 4
630, 969, 43, 5
631, 800, 35, 4
632, 1707, 9, 2
633, 1329, 25, 7
634, 1287, 91, 1
635, 1428, 41, 9
636, 105, 50, 7
637, 1977, 31, 2
638, 748, 90, 9
639, 1650, 40, 3
640, 719, 86, 1
641, 667, 56, 3
642, 1489, 95, 1
643, 336, 31, 2
644, 678, 87, 3
645, 1479, 32, 3
646, 551, 95, 4
647, 862, 20, 8
648, 1260, 65, 9
649, 246, 59, 5
650, 368, 93, 6
651, 201, 91, 1
652, 55, 59, 4
653, 517, 85, 1
654, 1773, 64, 3
655, 1523, 55, 5
656, 1883, 72, 2
657, 33, 85, 1
658, 453, 16, 10
659, 698, 34, 2
660, 991, 21, 5
661, 1122, 95, 5
662, 832, 84, 8
663, 571, 60, 8
664, 877, 80, 2
665, 1891, 59, 7
666, 1544, 10, 9
667, 947, 1, 9
668, 486, 9, 7
669, 545, 39, 8
670, 232, 5, 6
671, 60, 23, 7
672, 1019, 97, 8
673, 1223, 41, 9
674, 397, 26, 9
675, 941, 49, 7
676, 1596, 91, 6
677, 791, 48, 5
678, 999, 81, 2
679, 406, 16, 1
680, 969, 81, 4
681, 227, 19, 2
682, 925, 6, 5
683, 1309, 62, 9
684, 1614, 98, 8
685, 1068, 41, 4
686, 1253, 89, 9
687, 1796, 76, 9
688, 706, 11, 10
689, 188, 14, 5
690, 730, 6, 5
691, 1895, 61, 9
692, 1850, 7, 5
693, 1694, 81, 4
694, 1166, 55, 7
695, 188, 53, 10
696, 664, 61, 6
697, 1203, 44, 8
698, 753, 12, 2
699, 40, 11, 4
700, 1340, 70, 4
701, 1288, 89, 9
702, 1472, 42, 2
703, 148, 61, 10
704, 1259, 0, 6
705, 1450, 53, 5
706, 1948, 58, 4
707, 694, 2, 1
708, 1904, 65, 8
709, 1862, 57, 5
710, 806, 62, 4
711, 438, 51, 7
712, 1123, 85, 1
713, 439, 98, 4
714, 700, 39, 7
715, 240, 14, 9
716, 532, 23, 7
717, 796, 14, 10
718, 1693, 11, 7
719, 1377, 77, 2
720, 339, 68, 10
721, 1599, 11, 5
722, 10, 22, 5
723, 437, 69, 6
724, 1126, 29, 1
725, 313, 53, 6
726, 362, 67, 7
727, 39, 8, 4
728, 158, 42, 6
729, 165, 58, 9
730, 721, 11, 2
731, 717, 17, 7
732, 1164, 2, 6
733, 1822, 14, 9
734, 213, 65, 10
735, 777, 79, 6
736, 1012, 2, 8
737, 1545, 58, 6
738, 1485, 99, 8
739, 1832, 76, 9
740, 1636, 78, 5
741, 641, 93, 1
742, 1283, 84, 6
743, 963, 8, 1
744, 187, 97, 8
745, 1017, 66, 4
746, 1147, 4, 4
747, 753, 74, 10
748, 1576, 84, 3
749, 1570, 65, 10
750, 1922, 73, 9
751, 1910, 66, 2
752, 1232, 0, 3
753, 1602, 77, 1
754, 247, 32, 8
755, 1218, 49, 6
756, 747, 68, 5
757, 1960, 83, 8
758, 1654, 93, 10
759, 1463, 39, 5
760, 151, 31, 10
761, 158, 20, 7
762, 1802, 96, 3
763, 972, 46, 1
764, 1627, 72, 7
765, 480, 74, 4
766, 709, 59, 5
767, 1403, 61, 3
768, 752, 61, 8
769, 1942, 69, 1
770, 1179, 98, 5
771, 564, 36, 3
772, 828, 38, 7
773, 602, 6, 10
774, 726, 45, 7
775, 1149, 66, 2
776, 1313, 37, 8
777, 210, 18, 10
778, 1006, 61, 8
779, 1487, 27, 4
780, 903, 84, 1
781, 1760, 48, 8
782, 1058, 91, 3
783, 300, 35, 4
784, 1235, 26, 10
785, 870, 64, 6
786, 1595, 7, 6
787, 1399, 7, 4
788, 235, 32, 6
789, 451, 96, 4
790, 1393, 62, 2
791, 1435, 78, 6
792, 680, 36, 8
793, 618, 76, 8
794, 815, 28, 7
795, 1480, 83, 8
796, 1200, 35, 10
797, 764, 62, 2
798, 1820, 96, 4
799, 1960, 69, 6
800, 1707, 26, 5
801, 841, 13, 1
802, 413, 4, 2
803, 1301, 73, 7
804, 13, 27, 5
805, 1146, 67, 5
806, 1164, 66, 2
807, 617, 72, 10
808, 1194, 17, 2
809, 1985, 67, 1
810, 1943, 95, 1
811, 1236, 29, 3
812, 177, 61, 1
813, 236, 96, 1
814, 987, 93, 8
815, 1858, 23, 3
816, 1557, 56, 1
817, 1135, 84, 6
818, 645, 27, 8
819, 554, 17, 8
820, 673, 29, 10
821, 1272, 65, 1
822, 921, 55, 3
823, 1402, 95, 7
824, 1863, 77, 7
825, 1672, 49, 2
826, 749, 86, 2
827, 1000, 24, 7
828, 1711, 58, 7
829, 816, 20, 1
830, 1217, 19, 10
831, 1741, 46, 4
832, 1946, 49, 2
833, 739, 99, 1
834, 511, 48, 7
835, 936, 12, 10
836, 1803, 92, 1
837, 1099, 96, 10
838, 1357, 47, 5
839, 1476, 64, 9
840, 29, 69, 8
841, 1056, 16, 3
842, 1887, 30, 3
843, 300, 10, 10
844, 244, 3, 9
845, 784, 2, 3
846, 1494, 13, 10
847, 966, 30, 7
848, 1650, 82, 9
849, 305, 46, 8
850, 65, 71, 4
851, 1135, 45, 2
852, 470, 8, 1
853, 86, 26, 10
854, 1785, 11, 6
855, 714, 7, 3
856, 1441, 51, 9
857, 1635, 23, 10
858, 995, 10, 4
859, 1724, 55, 10
860, 274, 3, 8
861, 1662, 57, 1
862, 6, 32, 7
863, 1191, 27, 5
864, 817, 92, 7
865, 1605, 55, 7
866, 1169, 53, 7
867, 1273, 70, 3
868, 1635, 51, 5
869, 944, 88, 6
870, 463, 0, 1
871, 1696, 43, 4
872, 1525, 70, 10
873, 1651, 46, 4
874, 864, 19, 6
875, 1844, 77, 2
876, 1495, 60, 6
877, 702, 96, 3
878, 949, 77, 9
879, 63, 59, 2
880, 1117, 51, 3
881, 818, 70, 5
882, 1245, 73, 6
883, 1015, 45, 10
884, 1613, 36, 8
885, 1726, 16, 7
886, 865, 18, 6
887, 1437, 31, 5
888, 1443, 29, 2
889, 124, 67, 7
890, 952, 16, 2
891, 830, 39, 5
892, 75, 62, 8
893, 80, 66, 5
894, 401, 39, 4
895, 1276, 71, 4
896, 1305, 35, 5
897, 140, 64, 7
898, 2, 79, 8
899, 1742, 53, 8
900, 1093, 52, 10
901, 1081, 65, 5
902, 829, 28, 2
903, 1525, 17, 10
904, 765, 49, 2
905, 215, 28, 5
906, 510, 9, 1
907, 1558, 8, 5
908, 1090, 93, 10
909, 568, 20, 1
910, 310, 55, 9
911, 1140, 73, 5
912, 1710, 55, 3
913, 563, 54, 10
914, 1936, 23, 6
915, 709, 39, 9
916, 537, 7, 1
917, 761, 64, 1
918, 1959, 5, 5
919, 1065, 76, 7
920, 1446, 37, 5
921, 745, 76, 8
922, 390, 87, 10
923, 1211, 0, 9
924, 1529, 19, 1
925, 1597, 25, 4
926, 1638, 12, 5
927, 1646, 42, 8
928, 956, 71, 5
929, 68, 45, 10
930, 605, 74, 8
931, 23, 58, 9
932, 443, 17, 2
933, 418, 70, 2
934, 1214, 53, 2
935, 826, 74, 2
936, 482, 8, 8
937, 1712, 95, 6
938, 725, 15, 10
939, 1235, 90, 9
940, 321, 86, 1
941, 252, 24, 5
942, 1973, 70, 1
943, 1709, 67, 3
944, 1050, 53, 4
945, 987, 66, 4
946, 989, 82, 6
947, 1765, 48, 2
948, 1881, 36, 8
949, 925, 31, 4
950, 556, 65, 3
951, 1416, 58, 1
952, 909, 69, 7
953, 662, 50, 3
954, 1297, 87, 4
955, 505, 5, 5
956, 1155, 27, 8
957, 772, 8, 6
958, 35, 19, 6
959, 69, 6, 3
960, 1838, 18, 5
961, 1469, 86, 4
962, 1247, 27, 6
963, 395, 95, 10
964, 1183, 49, 1
965, 1747, 39, 1
966, 1157, 49, 2
967, 1369, 40, 6
968, 1705, 99, 8
969, 897, 22, 7
970, 1556, 83, 1
971, 1785, 63, 4
972, 1257, 32, 8
973, 1676, 90, 1
974, 413, 50, 3
975, 1699, 10, 4
976, 1806, 22, 1
977, 1035, 89, 6
978, 576, 88, 4
979, 949, 52, 3
980, 212, 8, 1
981, 320, 96, 8
982, 1330, 99, 5
983, 380, 5, 10
984, 1465, 28, 9
985, 644, 91, 5
986, 690, 89, 4
987, 926, 74, 9
988, 946, 90, 3
989, 1174, 65, 6
990, 480, 84, 7
991, 166, 78, 3
992, 1814, 69, 6
993, 959, 70, 4
994, 299, 1, 6
995, 775, 10, 6
996, 922, 7, 10
997, 852, 96, 9
998, 186, 57, 1
999, 1662, 71, 10
1000, 1011, 53, 6
1001, 854, 22, 3
1002, 1289, 90, 3
1003, 1363, 89, 9
1004, 283, 78, 5
1005, 1891, 16, 4
1006, 1822, 0, 8
1007, 1968, 96, 1
1008, 195, 60, 4
1009, 1687, 52, 9
1010, 1137, 61, 9
1011, 624, 41, 10
1012, 452, 96, 3
1013, 932, 46, 9
1014, 744, 52, 5
1015, 801, 81, 9
1016, 83, 85, 2
1017, 1748, 31, 8
1018, 321, 86, 2
1019, 1544, 93, 1
1020, 232, 74, 8
1021, 692, 74, 9
1022, 1408, 51, 6
1023, 123, 31, 3
1024, 1536, 72, 3
1025, 1513, 35, 6
1026, 306, 29, 10
1027, 892, 99, 8
1028, 1830, 10, 7
1029, 869, 56, 4
1030, 387, 47, 9
1031, 1296, 2, 9
1032, 316, 94, 8
1033, 1513, 7, 3
1034, 1484, 51, 2
1035, 428, 35, 7
1036, 1412, 18, 4
1037, 189, 75, 6
1038, 971, 65, 1
1039, 434, 96, 10
1040, 1470, 56, 4
1041, 377, 75, 2
1042, 635, 99, 1
1043, 1101, 34, 4
1044, 498, 7, 6
1045, 275, 81, 4
1046, 1884, 32, 2
1047, 546, 9, 6
1048, 549, 99, 10
1049, 1609, 91, 7
1050, 1834, 23, 3
1051, 701, 25, 10
1052, 114, 80, 10
1053, 1313, 12, 5
1054, 25, 45, 10
1055, 209, 52, 4
1056, 634, 1, 3
1057, 695, 42, 3
1058, 1626, 53, 2
1059, 637, 66, 8
1060, 635, 25, 4
1061, 1004, 82, 2
1062, 225, 93, 7
1063, 1107, 94, 5
1064, 1466, 16, 2
1065, 487, 84, 5
1066, 190, 6, 8
1067, 905, 75, 4
1068, 1009, 74, 10
1069, 1268, 64, 8
1070, 79, 59, 5
1071, 1966, 2, 1
1072, 472, 91, 6
1073, 751, 80, 4
1074, 1998, 30, 4
1075, 1951, 9, 7
1076, 1389, 48, 6
1077, 683, 21, 1
1078, 643, 89, 1
1079, 1045, 15, 2
1080, 1842, 32, 9
1081, 1736, 82, 10
1082, 1367, 83, 9
1083, 86, 8, 6
1084, 1094, 38, 7
1085, 132, 28, 9
1086, 1056, 88, 1
1087, 135, 5, 8
1088, 1055, 8, 6
1089, 1517, 56, 3
1090, 1799, 35, 6
1091, 1250, 56, 6
1092, 1704, 86, 8
1093, 155, 37, 5
1094, 1060, 77, 6
1095, 965, 35, 5
1096, 627, 47, 2
1097, 1119, 41, 10
1098, 1354, 7, 7
1099, 278, 68, 8
1100, 508, 1, 5
1101, 1201, 10, 7
1102, 15, 96, 6
1103, 301, 83, 2
1104, 1349, 37, 1
1105, 622, 92, 10
1106, 1914, 2, 8
1107, 1625, 26, 1
1108, 1529, 14, 6
1109, 1278, 81, 9
1110, 1085, 16, 6
1111, 40, 47, 1
1112, 614, 42, 4
1113, 49, 51, 8
1114, 1540, 39, 6
1115, 926, 13, 3
1116, 662, 0, 3
1117, 319, 38, 7
1118, 610, 53, 10
1119, 469, 77, 9
1120, 340, 64, 6
1121, 654, 11, 1
1122, 1389, 40, 2
1123, 896, 37, 1
1124, 229, 92, 3
1125, 1092, 96, 3
1126, 405, 91, 9
1127, 1673, 6, 4
1128, 1600, 73, 2
1129, 1195, 80, 10
1130, 1109, 44, 3
1131, 1331, 3, 1
1132, 519, 5, 1
1133, 1819, 97, 1
1134, 1644, 91, 3
1135, 436, 29, 9
1136, 707, 51, 5
1137, 1308, 86, 9
1138, 1496, 67, 1
1139, 1106, 35, 7
1140, 700, 23, 6
1141, 1091, 19, 4
1142, 1711, 45, 4
1143, 1325, 72, 7
1144, 1896, 71, 9
1145, 312, 91, 6
1146, 1817, 29, 2
1147, 1020, 99, 4
1148, 871, 36, 8
1149, 1621, 55, 1
1150, 1523, 19, 4
1151, 668, 38, 8
1152, 312, 65, 3
1153, 335, 65, 2
1154, 1869, 98, 10
1155, 1326, 63, 10
1156, 1541, 80, 3
1157, 1549, 17, 6
1158, 697, 78, 9
1159, 855, 50, 10
1160, 1640, 3, 4
1161, 894, 94, 2
1162, 62, 70, 6
1163, 133, 66, 4
1164, 1472, 57, 8
1165, 902, 60, 7
1166, 945, 64, 10
1167, 1612, 11, 10
1168, 1590, 53, 5
1169, 1208, 23, 3
1170, 1361, 87, 4
1171, 1282, 91, 8
1172, 775, 42, 8
1173, 465, 4, 6
1174, 1596, 6, 6
1175, 812, 33, 4
1176, 126, 1, 4
1177, 202, 25, 5
1178, 211, 19, 7
1179, 162, 96, 2
1180, 1241, 91, 4
1181, 1794, 75, 7
1182, 26, 60, 1
1183, 1187, 40, 2
1184, 1789, 23, 6
1185, 211, 15, 9
1186, 534, 51, 3
1187, 52, 99, 1
1188, 555, 17, 5
1189, 435, 26, 6
1190, 609, 3, 3
1191, 1040, 73, 6
1192, 975, 66, 1
1193, 1709, 9, 9
1194, 154, 89, 6
1195, 533, 7, 10
1196, 1487, 68, 1
1197, 226, 65, 8
1198, 1249, 64, 9
1199, 830, 52, 7
1200, 953, 56, 4
1201, 940, 86, 9
1202, 1952, 37, 3
1203, 467, 47, 6
1204, 1639, 77, 5
1205, 929, 97, 4
1206, 1968, 76, 9
1207, 1396, 82, 6
1208, 650, 26, 3
1209, 515, 30, 8
1210, 366, 39, 2
1211, 804, 24, 5
1212, 111, 74, 8
1213, 1350, 97, 9
1214, 186, 1, 2
1215, 1565, 17, 10
1216, 1797, 16, 7
1217, 1770, 36, 7
1218, 357, 15, 7
1219, 358, 67, 2
1220, 823, 40, 9
1221, 993, 65, 7
1222, 895, 30, 7
1223, 218, 67, 8
1224, 55, 13, 5
1225, 1899, 82, 6
1226, 1175, 46, 2
1227, 565, 22, 3
1228, 179, 2, 6
1229, 1962, 39, 6
1230, 85, 26, 3
1231, 1659, 24, 6
1232, 666, 88, 2
1233, 361, 90, 9
1234, 1130, 21, 10
1235, 423, 7, 5
1236, 783, 43, 9
1237, 1381, 67, 2
1238, 129, 13, 2
1239, 1247, 35, 9
1240, 1882, 24, 1
1241, 1294, 22, 2
1242, 1685, 52, 1
1243, 1420, 62, 9
1244, 1846, 54, 5
1245, 261, 55, 1
1246, 923, 1, 7
1247, 1371, 47, 6
1248, 473, 77, 10
1249, 70, 62, 3
1250, 597, 16, 4
1251, 988, 36, 1
1252, 84, 26, 1
1253, 145, 27, 5
1254, 881, 24, 4
1255, 1923, 98, 3
1256, 919, 21, 4
1257, 999, 97, 1
1258, 5, 58, 4
1259, 727, 64, 4
1260, 1888, 15, 3
1261, 1552, 62, 1
1262, 966, 17, 3
1263, 262, 64, 5
1264, 1397, 87, 8
1265, 1043, 48, 2
1266, 874, 38, 9
1267, 1424, 7, 6
1268, 1464, 56, 6
1269, 1446, 62, 7
1270, 542, 1, 6
1271, 876, 70, 9
1272, 889, 64, 3
1273, 399, 20, 6
1274, 1910, 24, 8
1275, 1804, 20, 6
1276, 1066, 88, 5
1277, 714, 60, 1
1278, 49, 64, 8
1279, 738, 1, 6
1280, 681, 8, 4
1281, 1165, 81, 4
1282, 1521, 26, 8
1283, 1699, 29, 1
1284, 1845, 96, 1
1285, 514, 29, 2
1286, 355, 60, 7
1287, 1601, 94, 8
1288, 432, 42, 9
1289, 779, 42, 3
1290, 1567, 85, 2
1291, 846, 92, 9
1292, 327, 68, 1
1293, 283, 77, 5
1294, 820, 31, 9
1295, 894, 69, 9
1296, 1697, 39, 10
1297, 207, 4, 2
1298, 1557, 51, 8
1299, 1561, 65, 10
1300, 600, 7, 9
1301, 1364, 83, 9
1302, 1098, 58, 10
1303, 230, 36, 4
1304, 1549, 77, 8
1305, 1315, 44, 5
1306, 265, 27, 5
1307, 996, 66, 5
1308, 948, 85, 4
1309, 1887, 3, 5
1310, 1479, 0, 8
1311, 1486, 32, 1
1312, 1412, 67, 8
1313, 183, 22, 3
1314, 1493, 8, 5
1315, 1485, 70, 5
1316, 734, 20, 8
1317, 1976, 83, 3
1318, 415, 24, 3
1319, 632, 16, 9
1320, 1684, 49, 5
1321, 719, 31, 5
1322, 1206, 68, 2
1323, 104, 48, 6
1324, 698, 89, 4
1325, 1335, 22, 6
1326, 652, 35, 6
1327, 1085, 49, 6
1328, 1167, 72, 5
1329, 945, 21, 6
1330, 170, 56, 8
1331, 1715, 70, 1
1332, 1982, 47, 4
1333, 589, 93, 4
1334, 1429, 29, 6
1335, 1261, 97, 10
1336, 1297, 52, 4
1337, 1778, 27, 4
1338, 1383, 48, 10
1339, 535, 10, 5
1340, 1787, 57, 10
1341, 95, 42, 3
1342, 763, 57, 4
1343, 1796, 62, 4
1344, 1604, 53, 3
1345, 1079, 16, 5
1346, 1552, 28, 4
1347, 56, 99, 5
1348, 1563, 83, 6
1349, 827, 80, 6
1350, 1252, 94, 9
1351, 394, 58, 6
1352, 1032, 52, 9
1353, 1974, 54, 4
1354, 1675, 19, 2
1355, 603, 98, 8
1356, 238, 18, 3
1357, 1564, 92, 10
1358, 867, 5, 1
1359, 71, 25, 7
1360, 429, 22, 4
1361, 1868, 3, 1
1362, 175, 73, 1
1363, 759, 44, 9
1364, 822, 76, 9
1365, 92, 74, 10
1366, 1923, 55, 1
1367, 382, 18, 4
1368, 523, 18, 4
1369, 275, 29, 10
1370, 942, 53, 4
1371, 185, 12, 2
1372, 1071, 37, 1
1373, 819, 8, 7
1374, 490, 25, 8
1375, 1747, 91, 8
1376, 102, 82, 4
1377, 198, 83, 5
1378, 1054, 34, 7
1379, 1653, 91, 7
1380, 3, 60, 9
1381, 1913, 80, 8
1382, 203, 78, 6
1383, 731, 40, 2
1384, 1727, 97, 1
1385, 1410, 27, 4
1386, 1626, 32, 9
1387, 1545, 44, 9
1388, 538, 44, 4
1389, 174, 47, 3
1390, 738, 82, 3
1391, 1355, 51, 7
1392, 1916, 9, 2
1393, 149, 12, 2
1394, 1458, 92, 7
1395, 385, 34, 1
1396, 781, 12, 4
1397, 658, 5, 10
1398, 1958, 50, 4
1399, 410, 44, 6
1400, 1231, 44, 5
1401, 1637, 93, 8
1402, 1856, 22, 1
1403, 1476, 93, 3
1404, 29, 54, 10
1405, 1740, 17, 3
1406, 678, 23, 9
1407, 533, 7, 7
1408, 1066, 17, 1
1409, 1749, 21, 10
1410, 1041, 7, 2
1411, 1374, 97, 4
1412, 1352, 10, 2
1413, 964, 75, 1
1414, 117, 82, 6
1415, 1989, 39, 8
1416, 1144, 86, 9
1417, 790, 98, 5
1418, 1265, 23, 3
1419, 328, 96, 8
1420, 354, 28, 3
1421, 457, 75, 2
1422, 512, 83, 9
1423, 1046, 72, 10
1424, 1769, 70, 4
1425, 1418, 25, 5
1426, 1611, 0, 4
1427, 908, 27, 3
1428, 1777, 39, 8
1429, 148, 98, 10
1430, 1081, 27, 5
1431, 281, 57, 3
1432, 368, 47, 3
1433, 1669, 55, 2
1434, 1248, 99, 3
1435, 214, 81, 4
1436, 1289, 93, 9
1437, 705, 62, 7
1438, 687, 59, 2
1439, 692, 95, 5
1440, 448, 19, 4
1441, 228, 47, 6
1442, 649, 41, 7
1443, 45, 85, 7
1444, 1026, 63, 5
1445, 1598, 90, 10
1446, 994, 14, 10
1447, 1173, 78, 6
1448, 1526, 23, 9
1449, 1874, 9, 4
1450, 861, 4, 10
1451, 619, 35, 1
1452, 28, 88, 4
1453, 869, 88, 6
1454, 1912, 4, 8
1455, 792, 23, 8
1456, 109, 87, 10
1457, 303, 72, 6
1458, 1461, 81, 6
1459, 1737, 41, 1
1460, 639, 0, 6
1461, 1833, 61, 9
1462, 798, 15, 9
1463, 31, 8, 6
1464, 1467, 93, 9
1465, 482, 9, 9
1466, 1978, 80, 2
1467, 1100, 34, 9
1468, 1928, 36, 8
1469, 74, 84, 10
1470, 1347, 68, 2
1471, 1877, 24, 6
1472, 1701, 58, 10
1473, 1157, 25, 2
1474, 1645, 95, 4
1475, 21, 97, 2
1476, 1907, 90, 8
1477, 179, 89, 7
1478, 543, 4, 1
1479, 240, 82, 3
1480, 88, 69, 10
1481, 1600, 49, 3
1482, 1450, 79, 8
1483, 369, 32, 6
1484, 1620, 70, 7
1485, 1965, 6, 7
1486, 492, 93, 10
1487, 234, 82, 2
1488, 1230, 37, 9
1489, 512, 21, 4
1490, 1774, 38, 2
1491, 489, 21, 6
1492, 858, 36, 5
1493, 1940, 98, 2
1494, 814, 90, 4
1495, 141, 28, 1
1496, 325, 65, 8
1497, 1937, 0, 9
1498, 1881, 78, 2
1499, 703, 71, 5
1500, 1475, 25, 8
1501, 497, 18, 6
1502, 1732, 45, 6
1503, 1965, 52, 3
1504, 1210, 9, 6
1505, 1359, 25, 2
1506, 125, 63, 4
1507, 1657, 19, 5
1508, 1553, 48, 10
1509, 560, 4, 5
1510, 1618, 11, 1
1511, 1394, 40, 7
1512, 487, 79, 6
1513, 527, 30, 6
1514, 296, 1, 5
1515, 1459, 76, 4
1516, 88, 77, 1
1517, 605, 19, 2
1518, 1717, 3, 6
1519, 1010, 21, 7
1520, 41, 44, 5
1521, 1919, 33, 4
1522, 978, 43, 2
1523, 1439, 6, 4
1524, 1460, 74, 3
1525, 607, 57, 9
1526, 734, 5, 3
1527, 1866, 39, 8
1528, 770, 49, 2
1529, 1486, 50, 7
1530, 342, 0, 5
1531, 1886, 78, 8
1532, 1857, 27, 1
1533, 539, 94, 8
1534, 1836, 50, 5
1535, 367, 93, 6
1536, 1666, 45, 1
1537, 322, 30, 1
1538, 352, 93, 7
1539, 1701, 57, 8
1540, 1400, 8, 3
1541, 334, 88, 7
1542, 163, 17, 10
1543, 1585, 67, 8
1544, 1206, 7, 6
1545, 118, 94, 5
1546, 1809, 41, 6
1547, 913, 15, 2
1548, 1618, 61, 5
1549, 884, 13, 7
1550, 1244, 97, 7
1551, 116, 77, 1
1552, 1716, 20, 7
1553, 1431, 78, 10
1554, 1776, 65, 8
1555, 273, 31, 1
1556, 141, 92, 5
1557, 400, 14, 9
1558, 401, 74, 4
1559, 705, 92, 6
1560, 269, 37, 8
1561, 1241, 57, 5
1562, 473, 18, 2
1563, 1264, 2, 7
1564, 371, 17, 6
1565, 344, 39, 10
1566, 1962, 95, 9
1567, 591, 55, 3
1568, 1689, 57, 2
1569, 767, 3, 1
1570, 310, 11, 5
1571, 1131, 14, 6
1572, 4, 51, 5
1573, 927, 58, 3
1574, 1392, 54, 9
1575, 525, 44, 4
1576, 1515, 66, 6
1577, 793, 20, 6
1578, 857, 9, 3
1579, 264, 75, 10
1580, 1532, 18, 7
1581, 1980, 26, 6
1582, 301, 73, 4
1583, 724, 27, 5
1584, 2, 80, 8
1585, 1909, 27, 2
1586, 521, 38, 2
1587, 668, 7, 5
1588, 1633, 35, 2
1589, 253, 12, 7
1590, 1248, 40, 7
1591, 289, 19, 6
1592, 251, 71, 9
1593, 622, 85, 2
1594, 594, 45, 3
1595, 1748, 59, 6
1596, 128, 51, 7
1597, 136, 14, 5
1598, 913, 34, 5
1599, 535, 90, 8
1600, 674, 21, 3
1601, 1831, 38, 7
1602, 1296, 50, 6
1603, 1096, 79, 6
1604, 889, 6, 7
1605, 1153, 79, 5
1606, 1503, 10, 2
1607, 720, 80, 10
1608, 1207, 24, 1
1609, 20, 62, 8
1610, 1802, 99, 6
1611, 1448, 53, 4
1612, 95, 72, 10
1613, 1610, 8, 2
1614, 1011, 37, 10
1615, 1896, 46, 2
1616, 76, 20, 2
1617, 794, 91, 9
1618, 398, 95, 10
1619, 1836, 0, 2
1620, 503, 53, 8
1621, 716, 4, 5
1622, 222, 36, 1
1623, 198, 22, 10
1624, 699, 4, 5
1625, 1693, 12, 5
1626, 1648, 37, 2
1627, 697, 23, 5
1628, 44, 15, 8
1629, 1095, 69, 1
1630, 1205, 77, 8
1631, 1593, 16, 8
1632, 241, 10, 1
1633, 1281, 1, 8
1634, 1182, 9, 10
1635, 1244, 56, 2
1636, 335, 18, 9
1637, 688, 73, 5
1638, 1413, 68, 6
1639, 386, 51, 3
1640, 106, 71, 8
1641, 1531, 85, 7
1642, 1674, 47, 5
1643, 1788, 35, 7
1644, 749, 44, 3
1645, 636, 89, 9
1646, 1084, 41, 3
1647, 946, 35, 8
1648, 38, 4, 8
1649, 1, 28, 10
1650, 1663, 56, 10
1651, 873, 25, 6
1652, 271, 66, 7
1653, 1509, 17, 1
1654, 1091, 55, 10
1655, 376, 54, 9
1656, 1449, 13, 3
1657, 399, 45, 7
1658, 24, 0, 3
1659, 1424, 8, 1
1660, 612, 25, 7
1661, 1522, 38, 3
1662, 288, 17, 7
1663, 708, 68, 1
1664, 1622, 74, 7
1665, 752, 23, 3
1666, 1790, 11, 8
1667, 1024, 53, 6
1668, 1623, 55, 7
1669, 484, 46, 7
1670, 1338, 22, 6
1671, 1640, 81, 8
1672, 895, 75, 9
1673, 69, 80, 9
1674, 704, 36, 10
1675, 1449, 25, 5
1676, 1095, 47, 3
1677, 559, 60, 4
1678, 811, 26, 6
1679, 567, 23, 3
1680, 1213, 71, 9
1681, 680, 65, 6
1682, 341, 4, 8
1683, 1801, 90, 8
1684, 583, 76, 7
1685, 1497, 82, 5
1686, 1049, 13, 2
1687, 493, 81, 10
1688, 1500, 70, 6
1689, 1559, 56, 4
1690, 137, 1, 8
1691, 1722, 11, 2
1692, 570, 93, 4
1693, 39, 79, 6
1694, 1610, 25, 1
1695, 1781, 9, 2
1696, 1756, 94, 3
1697, 1031, 59, 1
1698, 1625, 52, 2
1699, 1853, 65, 2
1700, 1112, 78, 5
1701, 1595, 79, 3
1702, 1698, 88, 6
1703, 345, 83, 4
1704, 378, 28, 9
1705, 766, 20, 5
1706, 1285, 98, 10
1707, 18, 95, 1
1708, 1587, 62, 2
1709, 923, 63, 7
1710, 1336, 36, 6
1711, 458, 97, 8
1712, 1537, 10, 6
1713, 1823, 49, 7
1714, 410, 99, 1
1715, 1916, 72, 4
1716, 1103, 20, 10
1717, 442, 0, 3
1718, 1411, 94, 4
1719, 1324, 1, 5
1720, 1827, 55, 2
1721, 131, 21, 2
1722, 1967, 64, 6
1723, 1184, 68, 7
1724, 726, 12, 4
1725, 654, 60, 8
1726, 119, 85, 4
1727, 920, 59, 7
1728, 1884, 29, 8
1729, 139, 38, 5
1730, 1630, 23, 10
1731, 730, 97, 9
1732, 516, 35, 6
1733, 1784, 25, 5
1734, 1861, 84, 9
1735, 1358, 64, 1
1736, 1927, 80, 1
1737, 1456, 96, 9
1738, 1139, 92, 2
1739, 1299, 75, 9
1740, 280, 25, 4
1741, 504, 51, 2
1742, 1209, 46, 4
1743, 1579, 78, 10
1744, 47, 98, 5
1745, 809, 85, 4
1746, 1266, 99, 1
1747, 412, 28, 6
1748, 459, 65, 1
1749, 1161, 58, 10
1750, 669, 6, 1
1751, 1639, 24, 6
1752, 750, 31, 10
1753, 1894, 73, 6
1754, 439, 15, 3
1755, 1322, 98, 7
1756, 1879, 1, 6
1757, 763, 11, 3
1758, 799, 72, 7
1759, 1154, 36, 4
1760, 1115, 92, 1
1761, 1899, 12, 2
1762, 1306, 67, 6
1763, 1824, 84, 2
1764, 52, 82, 6
1765, 1734, 43, 8
1766, 590, 49, 2
1767, 290, 66, 8
1768, 1537, 14, 8
1769, 821, 92, 6
1770, 1686, 52, 8
1771, 885, 7, 5
1772, 392, 61, 5
1773, 1042, 55, 9
1774, 1738, 21, 9
1775, 1196, 26, 9
1776, 688, 78, 9
1777, 1744, 84, 3
1778, 155, 91, 8
1779, 659, 70, 5
1780, 1452, 49, 7
1781, 1678, 49, 9
1782, 843, 24, 7
1783, 1893, 9, 2
1784, 1442, 24, 1
1785, 1527, 79, 7
1786, 383, 23, 9
1787, 747, 31, 4
1788, 292, 87, 2
1789, 1993, 41, 9
1790, 323, 84, 4
1791, 421, 4, 3
1792, 1465, 63, 6
1793, 707, 82, 9
1794, 893, 18, 10
1795, 150, 63, 5
1796, 1140, 44, 7
1797, 735, 47, 5
1798, 1759, 40, 8
1799, 1913, 21, 3
1800, 363, 15, 6
1801, 1629, 2, 10
1802, 1307, 59, 4
1803, 17, 20, 2
1804, 1661, 6, 8
1805, 286, 86, 2
1806, 411, 77, 9
1807, 234, 66, 4
1808, 772, 57, 1
1809, 689, 12, 7
1810, 891, 40, 7
1811, 1852, 27, 3
1812, 549, 38, 4
1813, 541, 42, 8
1814, 1536, 59, 8
1815, 1445, 63, 8
1816, 272, 2, 10
1817, 1766, 15, 3
1818, 402, 82, 4
1819, 1243, 54, 10
1820, 963, 48, 5
1821, 803, 9, 6
1822, 552, 21, 7
1823, 1246, 51, 9
1824, 1957, 67, 6
1825, 494, 48, 1
1826, 1954, 44, 2
1827, 1915, 99, 7
1828, 787, 90, 2
1829, 1801, 67, 8
1830, 1495, 68, 4
1831, 1025, 30, 9
1832, 844, 82, 6
1833, 1180, 34, 8
1834, 1645, 93, 2
1835, 146, 59, 2
1836, 919, 85, 7
1837, 1995, 30, 7
1838, 947, 43, 9
1839, 364, 66, 4
1840, 1063, 0, 7
1841, 1315, 45, 10
1842, 224, 40, 6
1843, 1871, 15, 8
1844, 1602, 8, 6
1845, 323, 50, 10
1846, 1353, 50, 5
1847, 1375, 90, 4
1848, 159, 27, 8
1849, 374, 52, 4
1850, 1716, 79, 2
1851, 893, 8, 7
1852, 744, 84, 8
1853, 311, 93, 3
1854, 1554, 24, 4
1855, 639, 61, 2
1856, 1859, 69, 2
1857, 935, 7, 9
1858, 823, 43, 4
1859, 346, 28, 4
1860, 1097, 82, 5
1861, 1429, 26, 10
1862, 960, 31, 9
1863, 1368, 70, 7
1864, 1033, 63, 5
1865, 750, 22, 10
1866, 860, 19, 5
1867, 1737, 47, 4
1868, 1492, 76, 8
1869, 168, 93, 2
1870, 655, 21, 5
1871, 867, 99, 1
1872, 1407, 39, 8
1873, 31, 32, 7
1874, 375, 20, 6
1875, 523, 70, 10
1876, 336, 56, 7
1877, 102, 71, 10
1878, 1942, 34, 6
1879, 760, 70, 7
1880, 1310, 41, 1
1881, 1302, 74, 5
1882, 1480, 13, 8
1883, 1826, 78, 4
1884, 1314, 43, 8
1885, 1231, 46, 7
1886, 1498, 67, 1
1887, 515, 16, 2
1888, 366, 71, 10
1889, 1588, 46, 2
1890, 1647, 0, 1
1891, 1014, 28, 6
1892, 1088, 9, 2
1893, 604, 87, 6
1894, 22, 69, 10
1895, 1875, 71, 9
1896, 247, 24, 3
1897, 433, 54, 7
1898, 1286, 58, 7
1899, 319, 61, 3
1900, 395, 15, 4
1901, 175, 22, 5
1902, 1814, 61, 1
1903, 754, 51, 9
1904, 1892, 84, 7
1905, 1008, 53, 5
1906, 1990, 20, 1
1907, 648, 29, 5
1908, 373, 71, 5
1909, 1632, 86, 4
1910, 182, 74, 3
1911, 360, 43, 6
1912, 884, 30, 9
1913, 1224, 42, 3
1914, 204, 87, 10
1915, 614, 10, 8
1916, 1979, 19, 9
1917, 389, 17, 2
1918, 318, 11, 3
1919, 180, 16, 3
1920, 1986, 97, 5
1921, 1795, 39, 7
1922, 182, 38, 7
1923, 825, 46, 6
1924, 1277, 85, 10
1925, 1179, 40, 2
1926, 70, 42, 7
1927, 547, 40, 6
1928, 193, 72, 5
1929, 470, 48, 6
1930, 1443, 49, 9
1931, 1219, 21, 9
1932, 1291, 76, 3
1933, 329, 26, 3
1934, 720, 21, 3
1935, 1906, 12, 5
1936, 1242, 60, 6
1937, 578, 67, 3
1938, 1300, 1, 9
1939, 743, 23, 7
1940, 1186, 9, 5
1941, 1340, 88, 3
1942, 163, 62, 5
1943, 284, 79, 5
1944, 1930, 4, 1
1945, 1137, 26, 5
1946, 273, 98, 9
1947, 1242, 42, 1
1948, 1457, 10, 9
1949, 104, 1, 2
1950, 262, 37, 6
1951, 1171, 0, 8
1952, 1057, 85, 8
1953, 1799, 85, 7
1954, 1001, 11, 6
1955, 245, 89, 2
1956, 1444, 98, 5
1957, 1561, 27, 9
1958, 463, 85, 5
1959, 317, 74, 10
1960, 1026, 23, 10
1961, 1500, 80, 2
1962, 739, 30, 1
1963, 1105, 12, 8
1964, 637, 38, 1
1965, 1368, 64, 6
1966, 446, 62, 5
1967, 1284, 12, 10
1968, 241, 35, 6
1969, 507, 62, 8
1970, 1107, 9, 6
1971, 1256, 8, 3
1972, 1185, 24, 5
1973, 1944, 53, 9
1974, 569, 21, 4
1975, 337, 20, 2
1976, 1828, 51, 6
1977, 294, 99, 5
1978, 1886, 4, 4
1979, 1895, 62, 9
1980, 174, 27, 1
1981, 715, 76, 7
1982, 440, 35, 5
1983, 1083, 37, 6
1984, 1574, 69, 1
1985, 1996, 99, 2
1986, 59, 41, 7
1987, 1253, 15, 1
1988, 67, 84, 1
1989, 631, 16, 5
1990, 147, 95, 3
1991, 1688, 97, 9
1992, 402, 89, 8
1993, 1609, 56, 4
1994, 1233, 60, 7
1995, 194, 28, 4
1996, 802, 71, 1
1997, 980, 98, 7
1998, 685, 57, 2
1999, 1041, 97, 4
2000, 548, 68, 4
2001, 1356, 40, 5
2002, 1303, 11, 5
2003, 1359, 26, 1
2004, 1953, 30, 4
2005, 348, 89, 6
2006, 1805, 66, 3
2007, 1417, 42, 8
2008, 1490, 67, 9
2009, 630, 36, 4
2010, 1975, 82, 2
2011, 824, 62, 9
2012, 910, 38, 1
2013, 1996, 67, 6
2014, 656, 15, 1
2015, 7, 98, 4
2016, 1332, 47, 3
2017, 1192, 57, 3
2018, 1873, 72, 8
2019, 958, 36, 9
2020, 1366, 33, 5
2021, 1028, 54, 2
2022, 343, 27, 10
2023, 682, 4, 1
2024, 1932, 14, 10
2025, 704, 9, 5
2026, 1343, 42, 2
2027, 277, 77, 2
2028, 12, 5, 7
2029, 1161, 66, 2
2030, 1721, 12, 8
2031, 1897, 5, 4
2032, 172, 69, 9
2033, 1004, 59, 3
2034, 1445, 63, 8
2035, 338, 85, 3
2036, 1453, 89, 4
2037, 206, 16, 9
2038, 1096, 39, 8
2039, 1842, 68, 10
2040, 1890, 36, 3
2041, 364, 86, 8
2042, 1763, 79, 4
2043, 432, 43, 7
2044, 77, 32, 1
2045, 1614, 8, 7
2046, 277, 41, 10
2047, 1782, 12, 6
2048, 1589, 81, 1
2049, 452, 96, 10
2050, 909, 74, 5
2051, 696, 10, 2
2052, 1519, 77, 7
2053, 447, 7, 8
2054, 1902, 90, 7
2055, 521, 31, 8
2056, 1120, 34, 3
2057, 575, 40, 4
2058, 994, 66, 7
2059, 1969, 36, 9
2060, 11, 11, 5
2061, 1589, 64, 10
2062, 1108, 44, 6
2063, 50, 83, 10
2064, 411, 3, 3
2065, 1789, 78, 9
2066, 1413, 21, 4
2067, 330, 94, 9
2068, 797, 85, 1
2069, 1390, 49, 4
2070, 330, 4, 2
2071, 825, 53, 10
2072, 191, 62, 8
2073, 1005, 71, 2
2074, 1031, 99, 2
2075, 545, 71, 7
2076, 1956, 54, 9
2077, 1067, 41, 3
2078, 1755, 37, 7
2079, 1284, 14, 4
2080, 1937, 36, 7
2081, 579, 14, 7
2082, 389, 32, 2
2083, 850, 56, 7
2084, 1667, 50, 3
2085, 1837, 2, 2
2086, 506, 69, 6
2087, 391, 34, 6
2088, 1904, 36, 5
2089, 1318, 25, 10
2090, 1393, 75, 6
2091, 1894, 17, 7
2092, 1987, 75, 4
2093, 475, 16, 9
2094, 1736, 70, 3
2095, 1766, 46, 2
2096, 293, 84, 10
2097, 83, 87, 2
2098, 514, 97, 3
2099, 396, 89, 10
2100, 759, 45, 5
2101, 1731, 26, 10
2102, 455, 91, 8
2103, 1715, 75, 5
2104, 461, 97, 8
2105, 1548, 79, 8
2106, 385, 77, 9
2107, 727, 80, 5
2108, 64, 32, 5
2109, 32, 57, 6
2110, 295, 86, 9
2111, 93, 45, 9
2112, 153, 88, 6
2113, 1784, 6, 5
2114, 317, 76, 1
2115, 412, 34, 1
2116, 1217, 56, 4
2117, 1427, 17, 4
2118, 1516, 5, 8
2119, 696, 35, 8
2120, 1144, 88, 9
2121, 1663, 6, 6
2122, 1007, 8, 10
2123, 1925, 46, 8
2124, 1526, 23, 8
2125, 1089, 95, 6
2126, 1447, 38, 5
2127, 681, 19, 6
2128, 216, 29, 8
2129, 1043, 40, 7
2130, 1757, 63, 1
2131, 1622, 97, 5
2132, 1742, 30, 8
2133, 1110, 53, 3
2134, 100, 34, 2
2135, 24, 24, 6
2136, 378, 3, 8
2137, 1653, 47, 1
2138, 1128, 53, 3
2139, 474, 79, 5
2140, 706, 27, 10
2141, 1781, 18, 7
2142, 699, 42, 1
2143, 1720, 99, 8
2144, 1237, 6, 9
2145, 1919, 54, 10
2146, 91, 52, 4
2147, 388, 98, 10
2148, 1275, 29, 10
2149, 1860, 14, 7
2150, 1989, 79, 6
2151, 1070, 41, 1
2152, 159, 19, 6
2153, 471, 74, 7
2154, 617, 80, 8
2155, 505, 86, 3
2156, 416, 24, 5
2157, 965, 54, 2
2158, 941, 57, 3
2159, 1219, 47, 8
2160, 1798, 69, 8
2161, 1744, 15, 5
2162, 836, 11, 5
2163, 581, 81, 4
2164, 1331, 18, 7
2165, 3, 18, 1
2166, 343, 71, 7
2167, 1607, 89, 1
2168, 846, 0, 3
2169, 745, 66, 10
2170, 200, 4, 8
2171, 305, 58, 4
2172, 1706, 85, 3
2173, 1592, 41, 6
2174, 790, 69, 10
2175, 469, 7, 2
2176, 883, 38, 1
2177, 733, 77, 2
2178, 1404, 68, 5
2179, 361, 60, 6
2180, 1775, 55, 3
2181, 351, 76, 9
2182, 131, 9, 1
2183, 868, 39, 2
2184, 1527, 30, 2
2185, 1939, 6, 4
2186, 1216, 47, 10
2187, 1984, 23, 2
2188, 219, 26, 8
2189, 566, 63, 9
2190, 1388, 8, 1
2191, 1121, 5, 6
2192, 499, 47, 8
2193, 713, 36, 4
2194, 1482, 47, 7
2195, 303, 74, 2
2196, 1411, 16, 3
2197, 1064, 61, 8
2198, 374, 27, 6
2199, 1844, 3, 10
2200, 808, 28, 4
2201, 426, 18, 10
2202, 551, 68, 1
2203, 1810, 32, 7
2204, 1193, 87, 4
2205, 345, 69, 3
2206, 948, 5, 5
2207, 935, 74, 3
2208, 907, 12, 10
2209, 1482, 20, 8
2210, 1847, 9, 3
2211, 138, 23, 6
2212, 1759, 6, 4
2213, 805, 61, 5
2214, 1718, 57, 6
2215, 1659, 33, 5
2216, 1832, 6, 10
2217, 456, 22, 3
2218, 1448, 83, 5
2219, 1981, 16, 5
2220, 679, 73, 3
2221, 665, 85, 8
2222, 1669, 24, 7
2223, 1105, 72, 2
2224, 1568, 19, 2
2225, 1775, 47, 7
2226, 1915, 12, 9
2227, 1352, 30, 9
2228, 1841, 90, 4
2229, 1309, 15, 6
2230, 1863, 56, 6
2231, 1022, 92, 10
2232, 595, 43, 10
2233, 1027, 99, 8
2234, 1851, 39, 2
2235, 1551, 25, 3
2236, 1316, 23, 1
2237, 769, 93, 6
2238, 1944, 25, 9
2239, 1503, 9, 7
2240, 1768, 99, 2
2241, 127, 58, 1
2242, 1746, 15, 4
2243, 1580, 52, 10
2244, 797, 86, 1
2245, 780, 48, 5
2246, 362, 30, 7
2247, 611, 92, 6
2248, 743, 54, 3
2249, 1198, 94, 7
2250, 1035, 22, 9
2251, 980, 15, 9
2252, 226, 40, 6
2253, 1730, 63, 6
2254, 663, 34, 9
2255, 1520, 48, 6
2256, 566, 53, 1
2257, 450, 96, 10
2258, 1928, 48, 5
2259, 1679, 49, 3
2260, 574, 14, 6
2261, 1237, 94, 8
2262, 1036, 44, 10
2263, 472, 37, 6
2264, 1850, 52, 1
2265, 1113, 14, 5
2266, 943, 67, 3
2267, 856, 56, 3
2268, 810, 45, 2
2269, 437, 60, 1
2270, 1853, 84, 2
2271, 1560, 18, 7
2272, 1324, 30, 5
2273, 1366, 28, 8
2274, 938, 65, 4
2275, 380, 88, 5
2276, 406, 98, 4
2277, 94, 95, 10
2278, 176, 43, 5
2279, 866, 97, 5
2280, 276, 38, 4
2281, 153, 57, 10
2282, 1455, 61, 3
2283, 1092, 57, 1
2284, 758, 92, 1
2285, 281, 23, 7
2286, 1496, 13, 3
2287, 75, 42, 2
2288, 755, 83, 10
2289, 1581, 99, 2
2290, 1869, 50, 7
2291, 848, 70, 3
2292, 1806, 41, 3
2293, 1240, 80, 10
2294, 838, 63, 5
2295, 1112, 88, 8
2296, 1399, 88, 4
2297, 1378, 59, 8
2298, 328, 73, 6
2299, 1763, 85, 7
2300, 365, 38, 1
2301, 1152, 54, 6
2302, 1307, 90, 1
2303, 79, 24, 10
2304, 115, 45, 6
2305, 599, 33, 8
2306, 1990, 26, 1
2307, 976, 22, 1
2308, 1335, 24, 1
2309, 16, 11, 2
2310, 207, 3, 3
2311, 1504, 44, 5
2312, 1997, 0, 7
2313, 115, 14, 10
2314, 1779, 71, 9
2315, 1287, 25, 7
2316, 1336, 20, 2
2317, 1304, 69, 1
2318, 499, 73, 4
2319, 1668, 15, 3
2320, 1598, 9, 6
2321, 570, 80, 7
2322, 567, 86, 5
2323, 227, 78, 7
2324, 786, 77, 1
2325, 1939, 61, 9
2326, 1619, 44, 6
2327, 1246, 32, 6
2328, 458, 47, 4
2329, 1367, 56, 10
2330, 1882, 63, 9
2331, 1073, 55, 3
2332, 404, 18, 9
2333, 1341, 13, 1
2334, 173, 37, 1
2335, 1342, 35, 2
2336, 1510, 63, 5
2337, 486, 33, 2
2338, 1950, 77, 3
2339, 1489, 50, 6
2340, 1772, 15, 1
2341, 278, 8, 1
2342, 524, 7, 8
2343, 929, 6, 3
2344, 1264, 66, 10
2345, 731, 80, 4
2346, 792, 23, 5
2347, 461, 79, 1
2348, 683, 30, 9
2349, 1972, 10, 3
2350, 1319, 39, 2
2351, 0, 17, 9
2352, 916, 63, 3
2353, 1213, 77, 8
2354, 1501, 94, 7
2355, 1696, 91, 4
2356, 1299, 93, 9
2357, 1512, 2, 3
2358, 1963, 78, 1
2359, 129, 81, 9
2360, 1543, 67, 3
2361, 930, 35, 4
2362, 778, 81, 10
2363, 167, 93, 10
2364, 583, 5, 5
2365, 1603, 59, 6
2366, 5, 15, 2
2367, 882, 33, 7
2368, 384, 68, 6
2369, 316, 66, 7
2370, 347, 3, 7
2371, 246, 26, 5
2372, 255, 5, 2
2373, 501, 69, 1
2374, 503, 41, 7
2375, 802, 50, 10
2376, 728, 14, 1
2377, 1682, 66, 2
2378, 100, 79, 6
2379, 1405, 35, 10
2380, 638, 20, 4
2381, 901, 0, 10
2382, 1817, 25, 10
2383, 1044, 6, 9
2384, 291, 8, 10
2385, 1129, 43, 9
2386, 920, 75, 8
2387, 845, 29, 9
2388, 87, 58, 5
2389, 1376, 39, 10
2390, 339, 50, 7
2391, 1509, 31, 2
2392, 1930, 64, 4
2393, 233, 7, 1
2394, 616, 77, 9
2395, 1396, 12, 8
2396, 1900, 44, 7
2397, 420, 2, 9
2398, 1835, 72, 7
2399, 1514, 6, 6
2400, 221, 47, 4
2401, 593, 18, 3
2402, 169, 67, 5
2403, 456, 30, 1
2404, 101, 35, 8
2405, 1212, 87, 5
2406, 1201, 73, 10
2407, 975, 58, 7
2408, 1534, 54, 1
2409, 1849, 69, 4
2410, 239, 3, 10
2411, 45, 63, 8
2412, 1983, 1, 6
2413, 379, 98, 4
2414, 1126, 69, 5
2415, 1546, 54, 10
2416, 1204, 81, 2
2417, 1044, 31, 4
2418, 959, 46, 4
2419, 1083, 26, 1
2420, 222, 76, 6
2421, 72, 2, 7
2422, 164, 52, 9
2423, 887, 63, 7
2424, 1037, 52, 6
2425, 1647, 53, 4
2426, 729, 74, 3
2427, 1729, 64, 9
2428, 670, 86, 2
2429, 1534, 41, 6
2430, 1492, 55, 8
2431, 1163, 51, 10
2432, 1880, 79, 2
2433, 676, 55, 5
2434, 1423, 4, 3
2435, 788, 25, 2
2436, 1064, 44, 4
2437, 1440, 21, 9
2438, 961, 21, 10
2439, 1797, 31, 4
2440, 1148, 87, 10
2441, 1149, 70, 1
2442, 902, 56, 5
2443, 1236, 89, 4
2444, 1133, 38, 10
2445, 1621, 20, 5
2446, 1704, 69, 2
2447, 331, 41, 10
2448, 382, 19, 1
2449, 1221, 9, 8
2450, 1361, 74, 7
2451, 1292, 90, 7
2452, 1954, 0, 2
2453, 644, 50, 6
2454, 1461, 47, 5
2455, 1750, 80, 3
2456, 675, 34, 1
2457, 1951, 74, 5
2458, 1379, 67, 6
2459, 1608, 73, 8
2460, 1992, 22, 5
2461, 578, 61, 6
2462, 782, 67, 10
2463, 1060, 89, 3
2464, 1184, 45, 5
2465, 1185, 31, 5
2466, 135, 79, 3
2467, 1619, 63, 2
2468, 1588, 73, 2
2469, 134, 64, 6
2470, 1898, 98, 8
2471, 436, 94, 1
2472, 351, 59, 6
2473, 703, 94, 10
2474, 991, 56, 9
2475, 1194, 87, 10
2476, 694, 90, 9
2477, 844, 65, 9
2478, 1197, 95, 6
2479, 1752, 41, 7
2480, 1433, 10, 10
2481, 1594, 24, 5
2482, 746, 76, 8
2483, 1599, 94, 6
2484, 1735, 58, 1
2485, 1974, 57, 2
2486, 1061, 92, 4
2487, 1636, 16, 3
2488, 1713, 90, 10
2489, 1508, 54, 1
2490, 715, 42, 6
2491, 879, 27, 5
2492, 417, 67, 1
2493, 957, 29, 5
2494, 609, 65, 9
2495, 293, 14, 2
2496, 1601, 41, 4
2497, 468, 10, 8
2498, 254, 64, 7
2499, 1872, 88, 2
2500, 1705, 37, 6
2501, 183, 32, 2
2502, 890, 52, 9
2503, 122, 45, 8
2504, 653, 0, 8
2505, 634, 68, 2
2506, 824, 52, 10
2507, 737, 83, 10
2508, 425, 12, 10
2509, 534, 79, 1
2510, 670, 5, 1
2511, 484, 67, 10
2512, 28, 1, 10
2513, 217, 35, 9
2514, 443, 8, 6
2515, 856, 69, 10
2516, 205, 12, 6
2517, 1750, 61, 2
2518, 1030, 24, 10
2519, 193, 50, 9
2520, 1970, 53, 6
2521, 794, 66, 2
2522, 587, 94, 9
2523, 190, 78, 6
2524, 1062, 42, 8
2525, 365, 82, 2
2526, 1922, 50, 9
2527, 1122, 30, 8
2528, 1104, 84, 3
2529, 1225, 44, 2
2530, 1102, 91, 2
2531, 1714, 60, 6
2532, 721, 75, 3
2533, 1229, 88, 6
2534, 1346, 48, 8
2535, 1594, 61, 10
2536, 1897, 0, 3
2537, 1694, 29, 6
2538, 1322, 46, 2
2539, 853, 49, 7
2540, 1430, 64, 4
2541, 1642, 71, 5
2542, 1573, 1, 8
2543, 1800, 16, 6
2544, 20, 5, 10
2545, 1926, 0, 8
2546, 1698, 32, 1
2547, 1068, 15, 3
2548, 173, 48, 3
2549, 1864, 15, 4
2550, 96, 67, 10
2551, 169, 97, 4
2552, 908, 98, 9
2553, 878, 49, 7
2554, 1947, 83, 6
2555, 376, 54, 9
2556, 43, 20, 10
2557, 660, 46, 1
2558, 613, 37, 3
2559, 1535, 52, 5
2560, 1491, 11, 7
2561, 851, 98, 2
2562, 1196, 2, 2
2563, 1616, 89, 1
2564, 835, 50, 9
2565, 1124, 83, 2
2566, 1909, 19, 1
2567, 1624, 92, 10
2568, 270, 59, 8
2569, 717, 83, 3
2570, 448, 91, 5
2571, 562, 99, 4
2572, 1339, 47, 6
2573, 1520, 40, 8
2574, 1067, 40, 2
2575, 813, 32, 7
2576, 1127, 48, 8
2577, 1050, 67, 6
2578, 1714, 52, 2
2579, 1617, 91, 5
2580, 416, 39, 4
2581, 1018, 73, 5
2582, 36, 33, 2
2583, 1181, 43, 2
2584, 1432, 61, 4
2585, 331, 87, 2
2586, 1275, 74, 7
2587, 108, 32, 4
2588, 391, 10, 7
2589, 1384, 63, 5
2590, 1120, 91, 1
2591, 1425, 26, 7
2592, 921, 95, 1
2593, 981, 51, 10
2594, 1160, 94, 7
2595, 1380, 36, 1
2596, 1555, 44, 4
2597, 116, 18, 8
2598, 1582, 16, 3
2599, 1222, 60, 7
2600, 793, 81, 8
2601, 308, 1, 6
2602, 544, 95, 10
2603, 718, 81, 9
2604, 1992, 12, 5
2605, 359, 7, 4
2606, 526, 14, 4
2607, 266, 62, 8
2608, 1566, 76, 10
2609, 136, 37, 6
2610, 682, 21, 7
2611, 808, 70, 6
2612, 27, 86, 7
2613, 1575, 48, 10
2614, 871, 59, 2
2615, 337, 28, 1
2616, 1506, 42, 8
2617, 556, 28, 2
2618, 1963, 30, 5
2619, 178, 46, 1
2620, 51, 42, 4
2621, 912, 35, 10
2622, 1024, 62, 3
2623, 1182, 67, 3
2624, 657, 28, 1
2625, 1377, 11, 3
2626, 1165, 69, 5
2627, 689, 14, 6
2628, 1522, 92, 1
2629, 777, 72, 4
2630, 326, 71, 10
2631, 1109, 72, 1
2632, 1677, 64, 5
2633, 1979, 76, 10
2634, 1102, 99, 9
2635, 1690, 36, 6
2636, 76, 19, 10
2637, 782, 11, 4
2638, 214, 36, 9
2639, 282, 3, 8
2640, 1948, 77, 7
2641, 370, 59, 6
2642, 445, 27, 10
2643, 916, 68, 8
2644, 1580, 74, 7
2645, 1108, 91, 9
2646, 776, 69, 7
2647, 1456, 5, 3
2648, 9, 46, 1
2649, 1405, 68, 6
2650, 1511, 52, 5
2651, 1772, 95, 1
2652, 1870, 97, 9
2653, 1110, 86, 9
2654, 1441, 74, 4
2655, 1898, 92, 10
2656, 15, 49, 7
2657, 516, 56, 1
2658, 612, 4, 8
2659, 290, 98, 5
2660, 912, 93, 2
2661, 1504, 98, 8
2662, 922, 21, 8
2663, 725, 81, 6
2664, 194, 85, 4
2665, 649, 61, 6
2666, 1643, 38, 8
2667, 768, 99, 10
2668, 882, 37, 3
2669, 1276, 33, 10
2670, 1266, 32, 3
2671, 849, 64, 9
2672, 242, 55, 5
2673, 1255, 85, 4
2674, 143, 33, 6
2675, 1355, 37, 3
2676, 1623, 12, 2
2677, 1191, 39, 4
2678, 346, 60, 3
2679, 1888, 61, 4
2680, 1539, 57, 4
2681, 1572, 88, 7
2682, 1739, 69, 4
2683, 383, 24, 4
2684, 103, 27, 10
2685, 904, 12, 3
2686, 647, 40, 9
2687, 1360, 66, 6
2688, 538, 73, 4
2689, 1145, 76, 1
2690, 89, 97, 3
2691, 832, 70, 6
2692, 931, 79, 9
2693, 474, 81, 10
2694, 1920, 70, 7
2695, 1375, 36, 9
2696, 859, 77, 3
2697, 1691, 96, 2
2698, 1212, 62, 2
2699, 114, 88, 1
2700, 53, 8, 6
2701, 1978, 83, 8
2702, 1877, 78, 1
2703, 1007, 36, 7
2704, 358, 88, 4
2705, 1512, 80, 9
2706, 1233, 40, 5
2707, 1998, 94, 2
2708, 546, 33, 2
2709, 615, 50, 9
2710, 1143, 13, 4
2711, 1210, 29, 4
2712, 1059, 86, 4
2713, 1193, 35, 4
2714, 1000, 89, 7
2715, 548, 9, 10
2716, 1139, 88, 4
2717, 509, 18, 10
2718, 954, 58, 2
2719, 858, 95, 2
2720, 1214, 15, 10
2721, 123, 36, 10
2722, 1293, 85, 4
2723, 1505, 30, 10
2724, 1417, 77, 8
2725, 1169, 21, 10
2726, 1668, 10, 7
2727, 162, 81, 7
2728, 1002, 74, 3
2729, 1803, 79, 7
2730, 855, 46, 8
2731, 256, 98, 8
2732, 1117, 62, 10
2733, 1170, 25, 4
2734, 1403, 28, 2
2735, 1174, 35, 5
2736, 685, 84, 8
2737, 1755, 65, 2
2738, 1378, 25, 2
2739, 1703, 70, 9
2740, 430, 47, 2
2741, 1311, 61, 2
2742, 171, 53, 9
2743, 1843, 83, 2
2744, 1506, 37, 5
2745, 259, 50, 8
2746, 1426, 42, 6
2747, 1681, 84, 10
2748, 369, 42, 1
2749, 1695, 19, 4
2750, 1034, 44, 3
2751, 460, 6, 1
2752, 176, 73, 9
2753, 491, 37, 3
2754, 1914, 33, 9
2755, 393, 62, 2
2756, 569, 77, 8
2757, 1929, 46, 4
2758, 769, 3, 7
2759, 334, 71, 9
2760, 1554, 62, 5
2761, 441, 38, 7
2762, 650, 65, 2
2763, 632, 92, 7
2764, 315, 43, 1
2765, 648, 52, 4
2766, 172, 46, 3
2767, 1003, 42, 8
2768, 666, 16, 7
2769, 82, 16, 10
2770, 1760, 1, 10
2771, 1052, 64, 2
2772, 621, 76, 10
2773, 356, 84, 8
2774, 476, 90, 7
2775, 520, 5, 1
2776, 518, 87, 8
2777, 1900, 75, 10
2778, 156, 38, 10
2779, 880, 21, 10
2780, 543, 79, 9
2781, 1864, 53, 5
2782, 454, 41, 9
2783, 881, 62, 9
2784, 1343, 91, 1
2785, 1406, 88, 9
2786, 1069, 71, 2
2787, 267, 34, 1
2788, 64, 30, 7
2789, 1346, 94, 2
2790, 1027, 18, 9
2791, 1326, 5, 5
2792, 1878, 97, 3
2793, 1362, 55, 7
2794, 645, 60, 3
2795, 998, 82, 6
2796, 575, 85, 6
2797, 1739, 44, 2
2798, 924, 18, 1
2799, 1414, 53, 10
2800, 1514, 72, 7
2801, 1475, 83, 1
2802, 813, 64, 10
2803, 264, 15, 8
2804, 1111, 30, 8
2805, 243, 21, 4
2806, 756, 86, 10
2807, 1719, 46, 7
2808, 970, 95, 2
2809, 1818, 88, 7
2810, 865, 33, 5
2811, 1431, 64, 6
2812, 1867, 4, 9
2813, 27, 21, 7
2814, 1911, 19, 6
2815, 1931, 58, 10
2816, 1644, 81, 6
2817, 1839, 31, 3
2818, 1177, 6, 1
2819, 1082, 68, 10
2820, 1053, 55, 1
2821, 1985, 44, 3
2822, 1700, 74, 10
2823, 257, 63, 1
2824, 658, 36, 9
2825, 1738, 17, 1
2826, 314, 54, 3
2827, 426, 75, 4
2828, 1158, 77, 7
2829, 892, 7, 2
2830, 1941, 8, 2
2831, 899, 25, 4
2832, 149, 55, 6
2833, 1148, 30, 4
2834, 1673, 6, 9
2835, 585, 98, 5
2836, 660, 82, 7
2837, 420, 78, 2
2838, 243, 26, 8
2839, 1421, 85, 2
2840, 1447, 73, 8
2841, 1333, 27, 4
2842, 1501, 57, 1
2843, 883, 56, 2
2844, 592, 81, 9
2845, 1121, 54, 8
2846, 1577, 1, 3
2847, 8, 95, 7
2848, 665, 17, 4
2849, 1945, 56, 6
2850, 1188, 44, 8
2851, 1671, 98, 10
2852, 626, 37, 1
2853, 1740, 66, 8
2854, 1934, 42, 5
2855, 467, 5, 10
2856, 1783, 59, 9
2857, 1700, 30, 8
2858, 1474, 84, 7
2859, 711, 77, 4
2860, 161, 96, 2
2861, 1153, 10, 4
2862, 1207, 13, 5
2863, 1819, 58, 5
2864, 1166, 85, 1
2865, 1291, 2, 10
2866, 809, 97, 7
2867, 1419, 99, 5
2868, 1927, 64, 5
2869, 1648, 62, 5
2870, 517, 90, 10
2871, 59, 36, 2
2872, 1321, 26, 2
2873, 1791, 74, 2
2874, 873, 12, 3
2875, 663, 69, 4
2876, 723, 37, 7
2877, 554, 60, 6
2878, 1546, 91, 7
2879, 757, 22, 3
2880, 967, 22, 5
2881, 1478, 75, 9
2882, 249, 94, 2
2883, 1419, 89, 3
2884, 860, 75, 3
2885, 367, 95, 1
2886, 1885, 78, 2
2887, 356, 79, 9
2888, 771, 94, 9
2889, 209, 48, 5
2890, 1901, 33, 7
2891, 1573, 80, 8
2892, 857, 46, 7
2893, 1875, 36, 10
2894, 1436, 94, 7
2895, 1786, 30, 5
2896, 132, 96, 3
2897, 524, 63, 8
2898, 128, 74, 9
2899, 1695, 33, 5
2900, 107, 98, 10
2901, 1290, 72, 10
2902, 1021, 49, 4
2903, 985, 72, 5
2904, 199, 33, 7
2905, 1129, 68, 6
2906, 1597, 92, 5
2907, 35, 61, 2
2908, 178, 96, 10
2909, 1982, 32, 7
2910, 1127, 88, 6
2911, 354, 83, 6
2912, 500, 60, 3
2913, 10, 23, 7
2914, 631, 0, 7
2915, 1658, 91, 7
2916, 1020, 23, 7
2917, 498, 80, 1
2918, 431, 39, 8
2919, 572, 82, 8
2920, 1372, 43, 2
2921, 1861, 38, 1
2922, 1624, 96, 8
2923, 1019, 54, 6
2924, 997, 14, 2
2925, 990, 52, 4
2926, 587, 67, 3
2927, 1608, 60, 6
2928, 1106, 75, 3
2929, 633, 86, 8
2930, 1672, 45, 5
2931, 1872, 1, 10
2932, 251, 65, 9
2933, 1382, 67, 9
2934, 937, 49, 6
2935, 934, 54, 3
2936, 558, 18, 6
2937, 256, 3, 1
2938, 502, 6, 2
2939, 646, 71, 4
2940, 1792, 0, 6
2941, 1262, 51, 9
2942, 1811, 75, 9
2943, 291, 4, 3
2944, 1691, 28, 2
2945, 1941, 93, 10
2946, 1039, 22, 9
2947, 1762, 54, 10
2948, 1679, 35, 2
2949, 973, 48, 2
2950, 818, 99, 5
2951, 596, 33, 1
2952, 736, 86, 3
2953, 1189, 20, 4
2954, 506, 45, 7
2955, 822, 39, 3
2956, 494, 29, 6
2957, 693, 41, 2
2958, 1606, 85, 4
2959, 1478, 86, 3
2960, 564, 87, 6
2961, 225, 20, 4
2962, 306, 13, 1
2963, 1124, 99, 9
2964, 359, 32, 6
2965, 1533, 7, 5
2966, 558, 30, 5
2967, 627, 48, 9
2968, 1758, 96, 9
2969, 237, 6, 4
2970, 381, 47, 5
2971, 967, 88, 1
2972, 834, 13, 7
2973, 1325, 31, 3
2974, 831, 33, 3
2975, 629, 9, 7
2976, 248, 13, 6
2977, 686, 76, 1
2978, 139, 10, 4
2979, 333, 19, 2
2980, 1084, 68, 10
2981, 1187, 89, 9
2982, 557, 14, 9
2983, 1072, 30, 9
2984, 485, 96, 7
2985, 917, 23, 10
2986, 429, 99, 2
2987, 1374, 78, 9
2988, 220, 22, 8
2989, 742, 56, 1
2990, 1955, 8, 1
2991, 1733, 34, 5
2992, 1592, 74, 8
2993, 315, 76, 5
2994, 1991, 41, 7
2995, 740, 93, 5
2996, 371, 40, 3
2997, 204, 3, 4
2998, 833, 28, 9
2999, 1995, 47, 6
3000, 414, 87, 7
3001, 641, 32, 7
3002, 208, 23, 2
3003, 520, 5, 10
3004, 1994, 25, 7
3005, 1725, 10, 2
3006, 1385, 83, 3
3007, 154, 73, 8
3008, 629, 19, 5
3009, 843, 41, 4
3010, 1483, 61, 2
3011, 1788, 40, 1
3012, 491, 86, 5
3013, 462, 4, 4
3014, 1457, 85, 9
3015, 1437, 12, 7
3016, 581, 19, 10
3017, 1453, 70, 4
3018, 1508, 6, 7
3019, 160, 43, 10
3020, 1585, 27, 8
3021, 392, 57, 9
3022, 716, 44, 2
3023, 1159, 81, 10
3024, 1574, 82, 3
3025, 1380, 45, 6
3026, 954, 61, 2
3027, 249, 68, 10
3028, 1856, 16, 8
3029, 864, 14, 8
3030, 1637, 23, 1
3031, 189, 85, 8
3032, 1921, 37, 7
3033, 1016, 14, 9
3034, 73, 35, 9
3035, 263, 53, 6
3036, 817, 71, 5
3037, 620, 28, 8
3038, 271, 34, 6
3039, 1328, 62, 8
3040, 61, 8, 3
3041, 562, 74, 8
3042, 579, 21, 10
3043, 939, 81, 1
3044, 415, 25, 6
3045, 1620, 95, 4
3046, 408, 80, 6
3047, 1452, 38, 4
3048, 718, 62, 7
3049, 89, 7, 9
3050, 850, 13, 9
3051, 210, 68, 5
3052, 53, 59, 2
3053, 1001, 18, 3
3054, 363, 60, 6
3055, 943, 65, 3
3056, 1226, 2, 3
3057, 21, 38, 2
3058, 408, 46, 8
3059, 1334, 6, 2
3060, 7, 56, 8
3061, 1005, 94, 6
3062, 604, 73, 7
3063, 1743, 84, 1
3064, 1964, 31, 7
3065, 550, 49, 4
3066, 1065, 70, 9
3067, 1743, 58, 10
3068, 888, 51, 9
3069, 841, 3, 6
3070, 1013, 34, 4
3071, 62, 51, 8
3072, 625, 53, 7
3073, 94, 8, 9
3074, 811, 9, 2
3075, 1935, 12, 3
3076, 479, 65, 7
3077, 1558, 99, 1
3078, 795, 53, 4
3079, 1811, 77, 10
3080, 962, 65, 3
3081, 1295, 92, 10
3082, 445, 37, 5
3083, 1438, 87, 9
3084, 1579, 92, 2
3085, 625, 12, 1
3086, 905, 30, 6
3087, 1735, 20, 6
3088, 1401, 75, 4
3089, 1265, 57, 4
3090, 1171, 60, 4
3091, 1860, 5, 9
3092, 93, 17, 7
3093, 127, 38, 2
3094, 1717, 75, 10
3095, 1943, 50, 1
3096, 109, 50, 8
3097, 152, 92, 9
3098, 294, 2, 6
3099, 1141, 34, 7
3100, 918, 73, 9
3101, 981, 29, 4
3102, 440, 22, 6
3103, 530, 45, 3
3104, 607, 48, 4
3105, 1617, 43, 6
3106, 295, 87, 4
3107, 1690, 62, 1
3108, 1764, 35, 4
3109, 67, 43, 7
3110, 1467, 36, 10
3111, 1518, 71, 1
3112, 90, 13, 8
3113, 901, 80, 2
3114, 863, 64, 9
3115, 134, 39, 6
3116, 1751, 19, 2
3117, 879, 58, 10
3118, 868, 54, 1
3119, 1097, 54, 9
3120, 1271, 91, 3
3121, 814, 43, 8
3122, 906, 40, 3
3123, 544, 57, 5
3124, 1468, 23, 3
3125, 90, 47, 5
3126, 1578, 70, 5
3127, 984, 95, 6
3128, 1334, 48, 7
3129, 1167, 90, 4
3130, 1190, 73, 8
3131, 419, 70, 7
3132, 589, 10, 10
3133, 350, 40, 2
3134, 1652, 64, 2
3135, 192, 41, 7
3136, 847, 32, 10
3137, 932, 45, 10
3138, 852, 24, 8
3139, 606, 44, 5
3140, 1677, 94, 10
3141, 815, 85, 6
3142, 449, 10, 3
3143, 1470, 16, 10
3144, 1423, 21, 5
3145, 1829, 90, 3
3146, 113, 98, 4
3147, 1712, 94, 10
3148, 99, 51, 5
3149, 1825, 81, 6
3150, 1022, 52, 8
3151, 19, 66, 4
3152, 1821, 84, 9
3153, 677, 7, 6
3154, 876, 24, 8
3155, 1278, 2, 3
3156, 677, 95, 1
3157, 1606, 13, 5
3158, 1565, 97, 10
3159, 819, 49, 10
3160, 1767, 4, 8
3161, 1528, 70, 8
3162, 1538, 17, 7
3163, 1835, 54, 10
3164, 1769, 40, 8
3165, 708, 56, 1
3166, 1751, 54, 2
3167, 1971, 90, 2
3168, 170, 45, 10
3169, 1734, 25, 8
3170, 43, 68, 10
3171, 977, 5, 6
3172, 1172, 80, 5
3173, 806, 20, 8
3174, 791, 29, 2
3175, 933, 46, 2
3176, 11, 14, 7
3177, 1865, 82, 9
3178, 460, 50, 10
3179, 1593, 92, 4
3180, 1566, 97, 3
3181, 1281, 60, 10
3182, 655, 53, 7
3183, 12, 33, 1
3184, 427, 2, 8
3185, 1078, 54, 3
3186, 509, 6, 2
3187, 1907, 47, 9
3188, 1542, 25, 7
3189, 1830, 82, 6
3190, 60, 93, 8
3191, 1938, 97, 2
3192, 475, 2, 10
3193, 820, 40, 2
3194, 937, 95, 1
3195, 758, 68, 9
3196, 1661, 46, 1
3197, 1400, 95, 5
3198, 989, 1, 8
3199, 550, 75, 9
3200, 48, 4, 10
3201, 476, 57, 2
3202, 955, 75, 6
3203, 1890, 82, 5
3204, 259, 24, 7
3205, 1815, 98, 9
3206, 801, 67, 6
3207, 483, 47, 5
3208, 1049, 74, 5
3209, 77, 2, 7
3210, 260, 74, 10
3211, 61, 92, 6
3212, 313, 53, 9
3213, 890, 48, 5
3214, 1591, 91, 3
3215, 651, 96, 6
3216, 381, 16, 3
3217, 1627, 65, 4
3218, 1812, 57, 3
3219, 282, 72, 4
3220, 1791, 59, 7
3221, 56, 73, 8
3222, 142, 28, 9
3223, 143, 82, 6
3224, 1510, 64, 4
3225, 602, 86, 3
3226, 1460, 66, 10
3227, 984, 75, 7
3228, 547, 39, 4
3229, 537, 97, 3
3230, 661, 32, 8
3231, 1073, 31, 3
3232, 601, 78, 9
3233, 98, 75, 6
3234, 1223, 13, 9
3235, 728, 9, 10
3236, 1771, 48, 9
3237, 231, 57, 3
3238, 951, 73, 2
3239, 1528, 92, 7
3240, 1859, 87, 7
3241, 1665, 93, 8
3242, 992, 76, 2
3243, 1145, 4, 8
3244, 1911, 56, 5
3245, 1086, 40, 9
3246, 779, 4, 7
3247, 1006, 73, 3
3248, 430, 59, 2
3249, 1651, 65, 6
3250, 1364, 39, 4
3251, 584, 15, 8
3252, 14, 60, 8
3253, 30, 61, 5
3254, 350, 50, 3
3255, 1905, 41, 3
3256, 1318, 58, 9
3257, 1074, 33, 2
3258, 1200, 90, 6
3259, 1154, 72, 8
3260, 384, 42, 9
3261, 1976, 13, 9
3262, 1885, 32, 1
3263, 1348, 67, 7
3264, 1967, 96, 10
3265, 1327, 39, 1
3266, 831, 86, 7
3267, 1263, 7, 9
3268, 1952, 83, 3
3269, 1226, 60, 10
3270, 1388, 58, 6
3271, 1516, 2, 10
3272, 1757, 50, 6
3273, 1280, 8, 1
3274, 1936, 4, 9
3275, 1146, 58, 9
3276, 6, 65, 3
3277, 501, 7, 6
3278, 898, 5, 2
3279, 754, 84, 4
3280, 1867, 77, 4
3281, 1984, 52, 3
3282, 1099, 50, 5
3283, 1555, 37, 5
3284, 302, 99, 10
3285, 373, 96, 10
3286, 952, 72, 4
3287, 239, 35, 2
3288, 874, 24, 9
3289, 979, 24, 10
3290, 352, 26, 8
3291, 1058, 45, 8
3292, 1070, 52, 8
3293, 1961, 29, 1
3294, 322, 76, 3
3295, 1158, 38, 1
3296, 1548, 65, 8
3297, 615, 5, 4
3298, 457, 81, 6
3299, 449, 66, 10
3300, 950, 62, 9
3301, 1483, 36, 4
3302, 1071, 1, 7
3303, 329, 88, 8
3304, 927, 22, 3
3305, 57, 14, 4
3306, 205, 13, 10
3307, 450, 70, 4
3308, 1342, 99, 4
3309, 1104, 46, 6
3310, 1029, 2, 5
3311, 998, 43, 3
3312, 563, 43, 10
3313, 279, 49, 4
3314, 618, 59, 10
3315, 23, 77, 8
3316, 1077, 64, 3
3317, 1674, 55, 5
3318, 1473, 41, 2
3319, 1945, 13, 3
3320, 1718, 73, 3
3321, 835, 6, 4
3322, 13, 93, 4
3323, 642, 44, 6
3324, 1767, 45, 2
3325, 1093, 16, 9
3326, 1825, 47, 9
3327, 1023, 55, 1
3328, 1615, 36, 3
3329, 1176, 44, 8
3330, 664, 70, 6
3331, 235, 21, 6
3332, 1345, 23, 5
3333, 979, 25, 1
3334, 774, 49, 3
3335, 500, 23, 9
3336, 1584, 2, 8
3337, 444, 81, 10
3338, 528, 1, 9
3339, 1929, 80, 5
3340, 386, 78, 4
3341, 1793, 43, 5
3342, 1471, 41, 7
3343, 1183, 29, 1
3344, 32, 67, 5
3345, 165, 76, 1
3346, 1057, 42, 2
3347, 836, 88, 9
3348, 142, 12, 4
3349, 784, 1, 1
3350, 1119, 46, 2
3351, 1415, 16, 7
3352, 557, 93, 6
3353, 511, 97, 5
3354, 1047, 75, 8
3355, 624, 17, 2
3356, 1138, 73, 7
3357, 338, 41, 3
3358, 41, 10, 4
3359, 121, 97, 8
3360, 1818, 69, 4
3361, 529, 10, 4
3362, 915, 5, 3
3363, 1134, 14, 2
3364, 1664, 89, 1
3365, 38, 65, 8
3366, 187, 53, 2
3367, 379, 96, 2
3368, 580, 71, 6
3369, 1517, 81, 4
3370, 1971, 17, 4
3371, 30, 33, 6
3372, 47, 17, 5
3373, 177, 80, 3
3374, 1756, 42, 2
3375, 1395, 9, 6
3376, 691, 58, 4
3377, 669, 37, 10
3378, 1362, 96, 7
3379, 1761, 48, 3
3380, 1234, 38, 1
3381, 1175, 34, 10
3382, 899, 78, 2
3383, 933, 51, 6
3384, 254, 76, 2
3385, 327, 58, 6
3386, 1683, 28, 1
3387, 1633, 40, 4
3388, 465, 78, 9
3389, 1267, 19, 5
3390, 1641, 4, 1
3391, 741, 82, 9
3392, 1903, 52, 4
3393, 1115, 38, 6
3394, 1371, 78, 2
3395, 956, 5, 4
3396, 8, 52, 8
3397, 108, 1, 1
3398, 1258, 49, 4
3399, 711, 89, 2
3400, 1131, 25, 1
3401, 280, 69, 7
3402, 96, 90, 4
3403, 297, 83, 2
3404, 1069, 42, 3
3405, 1497, 96, 6
3406, 559, 87, 5
3407, 1774, 87, 1
3408, 1816, 2, 9
3409, 1390, 60, 8
3410, 886, 51, 8
3411, 1386, 55, 10
3412, 1279, 40, 2
3413, 1042, 97, 2
3414, 1575, 83, 7
3415, 848, 17, 4
3416, 1977, 90, 6
3417, 1502, 62, 2
3418, 896, 86, 1
3419, 349, 53, 9
3420, 196, 32, 3
3421, 1339, 9, 1
3422, 1292, 97, 5
3423, 1040, 92, 7
3424, 1843, 35, 5
3425, 1132, 76, 4
3426, 1993, 48, 3
3427, 490, 38, 6
3428, 1670, 51, 9
3429, 1409, 81, 7
3430, 1754, 8, 7
3431, 1646, 84, 3
3432, 447, 63, 10
3433, 1464, 95, 5
3434, 1571, 61, 1
3435, 628, 51, 5
3436, 1530, 68, 10
3437, 990, 40, 1
3438, 287, 71, 3
3439, 297, 58, 7
3440, 112, 23, 4
3441, 1151, 34, 3
3442, 1012, 45, 10
3443, 168, 57, 10
3444, 1847, 39, 5
3445, 495, 2, 6
3446, 1136, 45, 10
3447, 1878, 0, 3
3448, 1556, 13, 9
3449, 565, 85, 6
3450, 1728, 72, 1
3451, 130, 92, 6
3452, 233, 1, 1
3453, 307, 18, 2
3454, 464, 93, 10
3455, 1852, 46, 10
3456, 1438, 82, 10
3457, 160, 21, 5
3458, 1130, 26, 10
3459, 828, 74, 7
3460, 679, 90, 8
3461, 586, 60, 4
3462, 157, 64, 7
3463, 778, 74, 7
3464, 796, 65, 8
3465, 1721, 36, 10
3466, 65, 41, 1
3467, 455, 37, 8
3468, 304, 79, 9
3469, 1649, 86, 3
3470, 298, 69, 6
3471, 636, 90, 8
3472, 140, 92, 2
3473, 1664, 88, 7
3474, 1152, 88, 9
3475, 42, 5, 4
3476, 46, 69, 7
3477, 880, 55, 8
3478, 216, 48, 6
3479, 1697, 98, 7
3480, 1345, 34, 5
3481, 1045, 59, 8
3482, 872, 18, 3
3483, 1988, 19, 3
3484, 576, 76, 3
3485, 633, 10, 10
3486, 1062, 64, 3
3487, 1410, 55, 6
3488, 1227, 70, 8
3489, 1118, 31, 4
3490, 1100, 58, 1
3491, 1451, 66, 7
3492, 1048, 60, 9
3493, 1317, 39, 7
3494, 1634, 89, 3
3495, 1125, 34, 2
3496, 936, 25, 8
3497, 423, 39, 9
3498, 377, 44, 10
3499, 1298, 26, 10
3500, 147, 47, 9
3501, 341, 52, 10
3502, 561, 30, 9
3503, 1649, 51, 2
3504, 1975, 25, 6
3505, 1786, 86, 1
3506, 1643, 10, 1
3507, 1969, 88, 3
3508, 1272, 38, 2
3509, 1430, 45, 9
3510, 403, 80, 1
3511, 1089, 22, 10
3512, 1841, 90, 7
3513, 803, 71, 1
3514, 1667, 32, 6
3515, 651, 23, 4
3516, 676, 42, 6
3517, 215, 5, 4
3518, 422, 28, 1
3519, 1530, 57, 4
3520, 940, 23, 10
3521, 1933, 20, 8
3522, 279, 6, 8
3523, 842, 97, 10
3524, 1800, 61, 10
3525, 1722, 3, 6
3526, 50, 49, 2
3527, 656, 20, 6
3528, 1964, 90, 9
3529, 757, 9, 3
3530, 1365, 81, 4
3531, 453, 0, 10
3532, 1087, 56, 4
3533, 652, 82, 5
3534, 1854, 24, 10
3535, 1925, 4, 10
3536, 1234, 12, 5
3537, 839, 79, 2
3538, 691, 1, 1
3539, 1584, 25, 9
3540, 1798, 42, 2
3541, 1840, 98, 9
3542, 1893, 73, 4
3543, 827, 26, 1
3544, 1256, 47, 2
3545, 464, 80, 9
3546, 1273, 65, 1
3547, 1873, 20, 2
3548, 1956, 4, 10
3549, 1828, 18, 10
3550, 1173, 2, 7
3551, 1491, 21, 2
3552, 502, 31, 4
3553, 0, 30, 7
3554, 34, 53, 2
3555, 996, 87, 8
3556, 250, 17, 3
3557, 1988, 87, 10
3558, 597, 47, 2
3559, 1216, 54, 7
3560, 1507, 53, 7
3561, 1660, 63, 5
3562, 1934, 19, 7
3563, 309, 5, 1
3564, 422, 63, 8
3565, 326, 91, 9
3566, 1980, 90, 6
3567, 1876, 17, 9
3568, 1163, 53, 2
3569, 1973, 26, 5
3570, 1454, 10, 9
3571, 687, 3, 6
3572, 1469, 13, 6
3573, 849, 50, 5
3574, 1794, 22, 3
3575, 573, 0, 7
3576, 1805, 94, 10
3577, 332, 33, 1
3578, 580, 98, 2
3579, 1053, 81, 3
3580, 347, 14, 7
3581, 859, 73, 4
3582, 1826, 82, 6
3583, 877, 13, 7
3584, 774, 57, 2
3585, 1777, 3, 10
3586, 1319, 29, 9
3587, 1583, 22, 5
3588, 1551, 95, 3
3589, 19, 88, 2
3590, 1458, 27, 3
3591, 765, 34, 10
3592, 349, 62, 2
3593, 459, 3, 6
3594, 213, 70, 1
3595, 840, 73, 10
3596, 1351, 0, 9
3597, 1564, 86, 6
3598, 1666, 9, 5
3599, 1344, 43, 3
3600, 1180, 43, 1
3601, 1957, 7, 5
3602, 577, 68, 5
3603, 1931, 49, 1
3604, 1409, 16, 10
3605, 1671, 31, 7
3606, 1320, 67, 8
3607, 1493, 91, 3
3608, 1641, 11, 2
3609, 863, 56, 1
3610, 1481, 46, 6
3611, 1827, 51, 4
3612, 120, 20, 1
3613, 1387, 18, 9
3614, 25, 70, 10
3615, 799, 72, 10
3616, 1008, 71, 1
3617, 16, 94, 8
3618, 1547, 75, 1
3619, 285, 6, 5
3620, 229, 55, 3
3621, 741, 97, 6
3622, 1903, 66, 6
3623, 982, 18, 1
3624, 1792, 57, 5
3625, 1168, 99, 10
3626, 1288, 43, 7
3627, 1892, 17, 4
3628, 795, 99, 5
3629, 910, 48, 1
3630, 1918, 93, 7
3631, 1926, 14, 1
3632, 539, 48, 7
3633, 1849, 75, 2
3634, 1681, 96, 7
3635, 289, 83, 4
3636, 18, 12, 7
3637, 1327, 50, 5
3638, 1204, 19, 7
3639, 531, 79, 3
3640, 97, 92, 3
3641, 1994, 3, 10
3642, 1468, 5, 6
3643, 1269, 50, 9
3644, 798, 88, 6
3645, 1670, 21, 5
3646, 4, 9, 4
3647, 588, 62, 3
3648, 821, 5, 9
3649, 522, 23, 10
3650, 1858, 1, 8
3651, 1808, 63, 2
3652, 626, 31, 7
3653, 1507, 83, 2
3654, 735, 34, 9
3655, 212, 29, 9
3656, 1015, 43, 5
3657, 710, 80, 7
3658, 1386, 33, 3
3659, 1303, 75, 2
3660, 1075, 85, 7
3661, 1434, 92, 2
3662, 722, 43, 9
3663, 1999, 1, 8
3664, 1505, 43, 1
3665, 807, 31, 8
3666, 1986, 90, 9
3667, 826, 59, 10
3668, 1834, 51, 5
3669, 1840, 24, 7
3670, 258, 97, 5
3671, 918, 20, 5
3672, 767, 56, 7
3673, 513, 13, 9
3674, 1082, 30, 4
3675, 1950, 43, 6
3676, 228, 34, 5
3677, 1080, 29, 5
3678, 477, 78, 5
3679, 810, 45, 3
3680, 693, 58, 2
3681, 284, 72, 8
3682, 582, 58, 10
3683, 1116, 92, 6
3684, 1540, 95, 1
3685, 1398, 41, 8
3686, 776, 1, 3
3687, 911, 84, 1
3688, 915, 0, 7
3689, 1330, 29, 6
3690, 1583, 13, 5
3691, 1560, 7, 5
3692, 1692, 34, 4
3693, 9, 51, 1
3694, 1771, 5, 3
3695, 773, 24, 8
3696, 573, 60, 3
3697, 690, 85, 6
3698, 957, 64, 5
3699, 1702, 31, 2
3700, 497, 73, 10
3701, 1813, 56, 7
3702, 599, 95, 10
3703, 1132, 74, 8
3704, 1949, 94, 1
3705, 588, 54, 7
3706, 78, 28, 8
3707, 1539, 0, 10
3708, 1016, 25, 9
3709, 887, 34, 6
3710, 976, 37, 4
3711, 1862, 26, 6
3712, 982, 25, 8
3713, 353, 10, 2
3714, 1728, 18, 10
3715, 110, 90, 5
3716, 353, 3, 1
3717, 1195, 13, 6
3718, 1521, 34, 1
3719, 166, 33, 7
3720, 34, 61, 8
3721, 993, 12, 2
3722, 891, 44, 5
3723, 1680, 33, 1
3724, 1310, 37, 3
3725, 1981, 35, 4
3726, 302, 80, 4
3727, 1202, 89, 7
3728, 1471, 50, 3
3729, 1076, 51, 8
3730, 1607, 28, 6
3731, 1454, 25, 9
3732, 1816, 51, 8
3733, 552, 33, 7
3734, 536, 2, 5
3735, 462, 90, 8
3736, 1765, 37, 10
3737, 805, 67, 5
3738, 1349, 49, 5
3739, 659, 72, 8
3740, 608, 25, 8
3741, 286, 44, 10
3742, 1524, 9, 8
3743, 1283, 96, 3
3744, 837, 57, 2
3745, 431, 70, 9
3746, 414, 15, 8
3747, 454, 55, 9
3748, 1455, 40, 7
3749, 786, 31, 6
3750, 1314, 80, 5
3751, 1655, 77, 10
3752, 1209, 27, 2
3753, 1090, 33, 6
3754, 387, 30, 9
3755, 393, 88, 7
3756, 1356, 96, 8
3757, 1030, 3, 5
3758, 675, 68, 10
3759, 1202, 78, 2
3760, 1048, 42, 8
3761, 428, 18, 4
3762, 596, 13, 4
3763, 1533, 32, 10
3764, 1211, 13, 9
3765, 1702, 47, 3
3766, 1360, 48, 10
3767, 1051, 6, 10
3768, 1353, 76, 4
3769, 1398, 3, 8
3770, 184, 75, 9
3771, 1348, 4, 4
3772, 407, 11, 10
3773, 51, 26, 5
3774, 1300, 40, 5
3775, 519, 66, 10
3776, 955, 2, 7
3777, 938, 66, 3
3778, 621, 79, 6
3779, 1051, 45, 2
3780, 1023, 83, 2
3781, 288, 7, 8
3782, 924, 26, 8
3783, 781, 15, 9
3784, 1376, 81, 8
3785, 917, 60, 4
3786, 1383, 49, 8
3787, 451, 27, 7
3788, 250, 43, 9
3789, 553, 66, 8
3790, 1652, 32, 2
3791, 1075, 65, 2
3792, 1337, 92, 2
3793, 1142, 99, 1
3794, 17, 35, 1
3795, 1384, 64, 2
3796, 1038, 93, 4
3797, 928, 77, 9
3798, 532, 44, 7
3799, 1197, 79, 5
3800, 1807, 42, 2
3801, 1181, 76, 3
3802, 1328, 19, 10
3803, 1908, 11, 2
3804, 1433, 68, 3
3805, 1708, 43, 7
3806, 80, 13, 6
3807, 403, 10, 10
3808, 441, 60, 8
3809, 46, 89, 10
3810, 307, 54, 10
3811, 729, 2, 1
3812, 1829, 15, 10
3813, 1301, 81, 8
3814, 150, 84, 8
3815, 1329, 44, 4
3816, 785, 88, 9
3817, 110, 96, 5
3818, 1350, 27, 10
3819, 833, 54, 1
3820, 686, 14, 6
3821, 269, 95, 1
3822, 623, 62, 9
3823, 800, 94, 5
3824, 1703, 91, 7
3825, 255, 46, 5
3826, 1764, 22, 3
3827, 1810, 18, 4
3828, 1268, 87, 2
3829, 1385, 60, 1
3830, 1224, 34, 9
3831, 1753, 12, 9
3832, 701, 50, 7
3833, 1059, 8, 3
3834, 267, 84, 10
3835, 733, 3, 3
3836, 1172, 98, 1
3837, 845, 2, 8
3838, 1746, 17, 4
3839, 1459, 29, 8
3840, 1295, 92, 9
3841, 1848, 22, 2
3842, 44, 69, 2
3843, 1198, 87, 6
3844, 611, 45, 5
3845, 1218, 3, 6
3846, 478, 54, 3
3847, 151, 26, 5
3848, 904, 69, 7
3849, 1902, 20, 7
3850, 1724, 51, 5
3851, 1170, 15, 6
3852, 91, 22, 6
3853, 1550, 76, 2
3854, 630, 76, 3
3855, 1156, 88, 10
3856, 1629, 80, 9
3857, 314, 59, 1
3858, 1199, 28, 6
3859, 807, 1, 3
3860, 1820, 73, 1
3861, 789, 91, 2
3862, 1415, 83, 6
3863, 740, 36, 7
3864, 1365, 41, 2
3865, 195, 7, 7
3866, 1260, 54, 5
3867, 1269, 11, 9
3868, 257, 1, 3
3869, 1603, 15, 4
3870, 785, 68, 8
3871, 438, 82, 6
3872, 510, 87, 7
3873, 171, 20, 1
3874, 961, 59, 10
3875, 1052, 5, 9
3876, 397, 18, 4
3877, 1332, 79, 7
3878, 531, 63, 7
3879, 862, 54, 3
3880, 1838, 49, 5
3881, 1074, 69, 1
3882, 1753, 49, 5
3883, 1381, 93, 5
3884, 673, 72, 8
3885, 37, 20, 1
3886, 542, 13, 1
3887, 983, 72, 8
3888, 643, 22, 2
3889, 610, 63, 10
3890, 400, 60, 7
3891, 1363, 60, 10
3892, 370, 19, 9
3893, 712, 89, 3
3894, 1498, 73, 9
3895, 274, 68, 9
3896, 120, 21, 1
3897, 1258, 72, 6
3898, 1628, 17, 3
3899, 87, 43, 7
3900, 1147, 9, 6
3901, 1323, 68, 9
3902, 928, 46, 9
3903, 1924, 11, 9
3904, 471, 78, 9
3905, 640, 3, 10
3906, 130, 2, 5
3907, 1086, 16, 9
3908, 1094, 20, 7
3909, 324, 75, 2
3910, 788, 76, 8
3911, 1215, 45, 4
3912, 977, 52, 4
3913, 103, 22, 3
3914, 598, 61, 3
3915, 1028, 33, 8
3916, 968, 86, 3
3917, 1402, 93, 10
3918, 72, 4, 10
3919, 348, 32, 3
3920, 1787, 4, 6
3921, 1970, 27, 7
3922, 1813, 83, 2
3923, 724, 91, 9
3924, 760, 63, 4
3925, 98, 29, 10
3926, 1855, 93, 4
3927, 224, 4, 10
3928, 1713, 98, 10
3929, 181, 51, 3
3930, 1809, 58, 2
3931, 54, 86, 9
3932, 540, 93, 1
3933, 667, 32, 2
3934, 742, 62, 9
3935, 63, 12, 1
3936, 962, 39, 9
3937, 191, 60, 5
3938, 1780, 87, 1
3939, 1511, 45, 3
3940, 1436, 37, 6
3941, 847, 28, 3
3942, 372, 16, 7
3943, 1678, 97, 1
3944, 1178, 43, 2
3945, 1591, 43, 8
3946, 1221, 44, 9
3947, 1046, 14, 7
3948, 1776, 3, 9
3949, 164, 10, 9
3950, 481, 8, 1
3951, 1432, 84, 9
3952, 478, 17, 9
3953, 202, 45, 10
3954, 804, 80, 3
3955, 360, 88, 9
3956, 1727, 16, 2
3957, 1369, 91, 4
3958, 1162, 72, 5
3959, 1921, 95, 10
3960, 1665, 83, 7
3961, 1255, 9, 3
3962, 268, 20, 1
3963, 1159, 95, 5
3964, 1123, 28, 7
3965, 137, 24, 4
3966, 766, 96, 3
3967, 1502, 59, 8
3968, 601, 44, 8
3969, 603, 38, 4
3970, 1569, 11, 8
3971, 424, 15, 5
3972, 1317, 99, 8
3973, 184, 13, 5
3974, 1577, 69, 4
3975, 1072, 68, 7
3976, 1966, 63, 1
3977, 1395, 85, 7
3978, 311, 0, 6
3979, 106, 10, 1
3980, 1078, 0, 8
3981, 1379, 70, 4
3982, 875, 94, 9
3983, 145, 24, 1
3984, 1418, 55, 7
3985, 1953, 87, 7
3986, 118, 64, 2
3987, 1225, 20, 6
3988, 1917, 49, 10
3989, 1344, 56, 9
3990, 671, 95, 6
3991, 1238, 38, 1
3992, 1473, 90, 9
3993, 974, 3, 7
3994, 1547, 73, 4
3995, 914, 84, 10
3996, 1079, 93, 1
3997, 527, 0, 1
3998, 1793, 50, 8
3999, 886, 30, 7
4000, 1357, 63, 1
